0 1.324755
2 0.469378
4 0.866889
8 0.408687
7 0.784871
9 0.718577
1 0.558864
2 0.687113
4 0.775286
5 0.666396
0 0.399994
1 1.016244
2 0.499369
8 0.638227
7 0.718143
0 0.462939
3 0.596475
4 0.892671
5 0.607750
0 0.616002
9 0.602976
6 0.723180
1 0.443520
2 0.539936
3 0.742746
5 0.780402
6 0.735401
8 0.818353
0 0.645341
1 0.669645
2 0.491325
3 0.678229
4 1.262390
5 0.748446
6 0.986088
0 0.831571
1 0.661471
2 0.776318
4 0.699283
9 0.614274
1 0.633240
4 0.590942
6 1.244336
0 0.652958
1 0.479916
2 0.712266
4 0.901812
8 0.696875
0 0.619921
3 0.838868
1 0.591250
5 1.076795
8 0.669164
9 0.538841
2 0.477765
4 0.661938
6 0.776976
7 0.931750
9 0.815005
0 0.570105
4 0.485006
6 0.933149
8 0.616258
0 0.539284
1 0.510067
2 0.595525
4 0.641321
6 0.993515
9 0.831304
0 0.541063
1 0.599922
2 0.704254
4 0.965747
6 0.502250
9 0.769145
0 0.772089
2 1.359115
4 0.655632
6 0.666768
7 0.968204
8 0.640665
9 0.536924
3 0.747762
1 0.777538
0 0.956426
5 0.804975
4 0.741359
3 0.976105
2 0.731295
6 0.670407
7 0.843731
8 0.804287
9 0.804627
4 0.524937
1 0.629190
2 0.546616
0 0.816427
5 0.595332
4 0.696999
0 1.291382
