2 0.863497
0 0.589240
9 0.634882
7 0.608523
4 0.472645
1 0.774235
8 0.433337
5 0.638863
6 0.759133
9 0.471459
3 0.469141
4 0.674691
0 0.384318
7 0.533779
2 0.376806
1 0.971550
4 0.694589
9 0.745529
8 0.527275
3 0.367598
0 0.679712
6 0.528082
2 0.419022
7 0.397818
1 0.550110
4 0.523523
9 0.459958
8 0.574796
3 0.281856
0 0.529867
7 0.396743
2 0.301106
1 1.111824
4 0.621601
5 0.672538
2 0.926162
1 0.710627
7 0.372296
3 0.671022
8 0.500787
0 0.551633
5 0.293333
9 0.760001
4 0.376503
1 0.579295
6 1.261978
2 0.417443
7 0.452194
0 0.543237
3 0.540701
4 1.023623
8 0.813349
3 0.632446
2 0.757928
9 0.726422
7 0.518644
4 0.982846
0 0.388644
6 0.498282
1 0.333181
7 0.703896
2 0.325558
5 0.741735
0 0.328626
8 0.584991
7 0.854511
4 0.561576
2 0.721884
1 0.698125
9 0.565096
8 0.437735
6 0.685580
2 0.350044
7 0.475423
1 0.489007
4 0.457326
0 0.508136
8 0.457781
5 0.500603
2 0.495557
7 0.450454
3 0.437424
0 0.461492
9 0.608387
4 0.776640
1 1.067575
8 0.657483
2 0.820435
7 0.519553
3 0.447759
0 0.503997
6 0.581352
2 0.600435
9 0.504744
4 0.454334
8 0.449223
2 0.481400
7 0.313746
1 0.479161
6 0.783343
