3 0.776965
0 0.660027
5 0.471027
2 0.580629
8 0.511505
3 0.621069
8 0.631913
5 0.773570
6 0.608645
7 0.640917
1 0.385182
3 0.550660
8 0.596319
1 0.620607
4 0.703514
5 0.629158
9 0.538911
1 0.557697
3 0.590004
2 0.619639
8 0.534622
2 1.441297
1 0.706059
4 0.607696
5 0.583939
0 0.549543
9 0.755182
3 0.680853
1 1.600913
3 0.753686
2 0.807218
8 0.439710
7 0.655895
4 0.626867
3 0.600530
6 0.504827
0 0.550354
4 0.468094
2 0.657604
8 0.620474
7 0.567329
5 0.599649
3 0.527978
0 0.600141
7 0.440550
2 0.424666
8 0.638285
1 0.422639
9 0.572156
5 0.599056
4 0.799233
3 0.519615
1 0.679719
9 0.960020
0 0.624655
3 0.598146
2 0.734459
1 0.497417
9 1.076322
7 0.532898
3 0.439783
4 0.727890
5 0.688243
6 0.736564
7 0.627590
2 0.601246
1 0.657427
0 0.588392
9 0.482022
8 0.538349
4 0.613178
3 0.879955
5 0.600544
2 0.744729
7 0.518427
3 0.670639
0 0.556302
7 0.556566
5 0.508889
2 0.530454
9 0.493464
8 0.864266
4 0.549950
7 0.499431
2 0.598369
1 0.550692
0 0.604360
6 0.556689
4 0.508913
2 0.618338
9 0.645438
5 0.437621
2 0.581875
8 0.488921
6 0.737055
2 0.436049
7 0.452274
1 0.583295
6 0.516859
9 0.469119
