0 1.068322
5 1.586394
1 0.824083
9 0.749767
8 0.571327
3 0.478321
7 0.462673
2 0.420292
6 0.351235
4 0.652625
3 0.623640
8 0.301215
9 0.559991
2 0.520297
7 0.416605
5 0.475448
6 0.657051
0 0.395816
3 0.844144
2 0.716616
8 0.756914
7 0.629234
3 0.522749
0 0.419086
5 0.397956
1 0.350223
2 0.611595
8 0.398686
9 0.550887
4 0.380497
5 0.687361
0 0.407637
2 0.551775
4 0.637505
7 0.493729
5 0.624626
6 0.934163
1 0.505322
2 0.590835
7 0.716422
8 0.628819
3 0.290438
9 0.397351
4 0.357543
0 0.421672
1 0.528544
9 0.568715
8 0.609042
7 1.257260
9 0.516536
6 0.700688
2 0.359797
5 0.543872
1 0.389606
0 0.603037
3 0.443394
9 0.571520
4 0.278457
4 0.582557
6 0.564322
4 0.756610
1 0.388925
4 0.442395
8 0.842404
3 1.570881
2 0.926198
1 1.054532
6 0.361789
9 0.545829
0 0.495481
4 0.642385
3 0.522758
1 2.074644
2 0.648983
7 0.377325
5 0.628075
9 0.793714
6 0.631427
1 0.525070
5 0.333384
2 1.072174
4 0.614058
9 0.496975
1 1.147603
0 0.577675
3 0.484554
9 1.228717
4 0.362689
8 0.482835
5 0.659073
7 0.837983
2 0.334393
5 0.753147
1 0.454861
4 0.513768
8 0.695365
3 0.602309
9 0.410688
6 0.429429
2 0.363140
