3 1.569068
7 0.404642
9 0.500876
1 0.543636
2 0.573244
3 0.560234
5 0.520571
6 0.472728
7 0.574255
8 0.625242
1 0.606817
4 0.575151
6 0.594052
7 0.599672
0 0.655898
1 0.802719
2 0.539175
3 0.718125
6 0.654423
9 0.665337
2 1.358816
7 0.919587
3 0.687942
4 0.760207
6 0.704582
8 0.734271
3 0.481163
7 0.425518
9 0.470996
1 0.588494
2 0.922100
6 0.522617
0 0.570912
6 0.581705
7 0.584719
2 0.718278
8 0.630687
9 0.556291
1 0.428432
2 0.578009
7 0.445016
9 0.701103
1 0.560247
3 0.632510
5 0.797988
6 0.614359
7 0.569316
8 0.556185
9 0.708559
1 0.570250
2 0.477090
3 0.781315
7 0.480344
8 0.608607
9 0.760875
0 0.929159
1 0.620110
5 0.519226
7 0.623390
3 0.717049
8 0.637440
9 0.485760
7 0.853845
6 0.576973
1 0.451969
2 0.694787
3 0.649836
6 0.532639
7 0.639573
8 0.623847
9 1.229467
1 0.643184
2 0.955492
6 0.745289
2 0.862977
3 0.692631
6 0.903680
8 0.461394
9 0.688276
3 0.528667
6 0.720831
7 0.857108
8 0.604159
9 0.556507
2 0.820609
8 0.455749
3 0.450647
7 0.709559
4 0.787037
6 0.848819
8 0.505140
9 0.662727
1 0.660400
2 0.663303
3 0.717035
7 0.573275
8 0.536265
9 0.747100
1 1.048761
2 0.553171
