1 1.551904
5 0.925910
3 0.982304
9 0.740164
3 0.615116
7 0.722116
3 0.530306
0 0.885225
5 0.789681
1 0.835257
8 0.601114
3 0.601292
7 0.585602
2 0.503160
9 0.628779
4 0.442455
7 0.706552
2 0.336245
0 0.667069
8 0.736757
4 0.459639
2 0.694681
0 0.657609
5 1.084539
7 0.773067
3 0.399988
1 0.744225
9 0.613844
5 0.472816
3 0.798399
8 0.774750
2 0.705661
7 0.615318
4 0.754267
6 0.855927
4 0.618882
1 0.462023
9 0.624793
7 0.654404
3 0.737338
0 0.596397
8 0.580765
3 0.519586
0 0.463875
5 0.701391
3 0.560392
8 0.512653
1 0.534231
3 0.696826
9 0.460082
6 0.831021
2 0.644784
0 0.676973
8 0.637269
4 0.477609
0 0.437958
3 0.478050
7 0.526289
1 0.550545
5 1.196297
0 0.596590
5 0.564937
8 0.533141
3 0.528004
7 0.568328
2 0.400581
9 0.536782
5 0.555796
3 0.585243
7 0.590889
2 0.500527
0 0.559427
5 0.583689
1 0.477344
4 0.797506
8 1.029854
3 0.499576
7 0.526570
0 0.518853
8 0.663025
9 0.740709
3 0.655644
5 0.538616
1 0.629561
7 0.491163
3 0.390087
9 0.531694
4 0.542536
6 0.748123
1 0.457766
5 0.516658
4 1.564712
9 0.661565
7 0.704528
2 0.590112
8 0.563733
2 0.483897
7 0.508266
4 0.721794
9 0.778008
