3 2.585309
0 1.255911
5 1.235063
6 1.168857
7 1.555819
2 1.324606
3 1.645011
0 1.245645
9 1.110289
2 1.179896
5 1.247012
7 0.855618
3 0.930624
2 1.413630
1 1.160791
9 1.377325
8 1.780490
4 1.031850
5 1.245587
6 1.221999
0 1.017276
1 1.180244
9 1.247480
3 0.903895
7 1.157711
6 1.470003
2 1.091965
0 1.127123
1 1.919361
9 1.240227
8 1.208755
7 1.419910
3 0.935105
2 1.338082
5 1.061367
9 1.848347
0 0.865109
5 1.062824
2 1.092580
7 1.143606
8 1.101428
3 1.088616
4 1.201029
5 1.305344
2 1.351348
1 1.157122
0 0.949659
9 1.011483
7 1.286365
3 0.742988
5 1.052582
1 1.159758
0 0.896217
9 1.003198
3 1.179628
2 1.310757
8 1.004553
5 1.164955
3 1.101514
6 0.951872
7 1.110237
8 1.196025
0 1.180603
1 1.031619
2 1.141409
7 1.056550
4 0.827640
3 0.953260
9 0.855155
0 0.906046
7 0.927758
5 0.952162
2 0.829972
8 0.811500
9 0.918555
5 0.878985
3 1.127233
2 1.431630
4 1.229705
6 0.987402
7 0.857189
8 0.908216
0 0.993989
1 0.871662
2 1.261353
3 1.616458
7 0.971871
4 0.982929
5 1.188592
9 0.914340
0 0.928048
1 1.216522
8 1.139612
7 1.206801
3 0.783271
2 1.084872
5 1.381297
6 1.264548
0 1.094311
9 1.041409
