0 2.210688
1 0.606562
2 1.342758
9 2.356398
6 0.621534
4 0.536469
8 0.411345
7 0.742217
5 0.657217
1 0.548337
3 1.745716
2 0.791851
7 0.509507
0 0.491171
5 0.541989
6 0.704948
4 0.854498
9 0.513589
8 0.663146
1 0.564838
2 0.941091
3 0.760086
7 0.632484
8 1.006051
4 0.478465
5 0.678716
6 0.695034
0 0.530046
9 1.036881
1 1.029312
3 0.635056
4 0.880591
8 0.561104
7 0.681280
6 0.665607
2 1.767039
5 0.575897
4 0.730860
9 0.549843
0 0.707405
1 0.681080
7 0.993281
8 0.719086
3 0.631479
2 1.028969
6 0.674749
5 1.920196
4 0.729169
0 0.716148
5 0.548547
1 0.394075
9 1.351508
3 0.965382
7 0.637881
2 0.494061
6 0.657117
8 0.899871
1 0.751119
5 0.428748
4 0.762200
0 0.426528
9 0.632050
7 0.645673
8 0.966003
3 0.454440
6 0.625323
2 0.486923
1 0.703010
5 0.548839
4 0.554410
9 0.840030
0 0.592385
7 0.461996
8 0.592864
3 0.534508
4 0.697438
6 0.652344
2 0.423410
5 0.492895
1 0.479852
4 0.671913
6 0.773565
7 0.616633
8 0.875440
0 0.681243
4 0.585555
3 0.735241
9 0.578212
5 0.509094
2 0.698723
7 0.421453
6 0.624501
1 0.350180
5 0.963569
0 0.388196
4 0.513597
9 0.407202
8 0.751417
7 0.549140
3 0.466639
