1 0.800756
9 0.761170
4 0.745453
7 1.678965
2 0.487764
0 0.768060
6 0.544354
3 0.621936
9 0.560877
5 0.529262
2 1.547899
7 0.482126
9 0.586221
4 0.535899
0 0.426825
6 0.432330
9 0.725864
3 0.702135
4 0.961165
8 0.401504
1 0.649746
5 0.628676
8 0.674314
0 0.591967
4 0.613559
7 0.576527
0 0.595314
5 0.977068
2 0.756105
1 0.620396
9 0.615453
6 0.642334
3 0.602565
8 0.370901
7 0.757745
5 0.470177
0 0.531528
1 0.694469
9 0.617527
5 0.532460
3 0.559396
7 0.463778
1 0.677334
8 0.565609
4 0.389882
9 0.611437
6 0.502376
2 0.737278
1 0.612284
7 0.471210
5 0.572716
0 0.431735
9 0.397210
4 0.421379
1 0.600370
3 0.880584
8 0.632879
4 0.582636
0 0.460144
1 0.623017
9 0.540668
6 0.647566
4 0.559968
1 0.576076
8 0.411197
4 0.661937
5 0.680871
1 0.393186
3 0.822735
0 0.524533
7 0.460814
9 0.823490
6 0.485338
3 0.637470
0 0.445879
9 0.526006
5 0.710332
1 0.427947
2 0.649429
9 0.500467
7 0.791279
8 0.516961
5 0.837369
0 0.653625
1 0.608575
4 0.616896
5 0.627855
6 0.545421
9 0.550988
2 0.684520
3 0.500896
8 0.415959
7 0.602715
1 0.347120
0 0.552580
4 1.405908
5 0.894590
9 0.593679
0 0.575317
3 0.658272
