2 0.904538
4 0.758374
5 0.494583
8 0.473600
1 0.559171
2 0.855286
9 0.658426
0 0.861229
8 0.576409
5 0.627274
4 0.560894
3 0.601234
6 0.665470
7 0.641593
2 0.546035
5 0.775582
4 0.530649
1 0.757617
9 0.709982
8 0.715436
5 0.713157
4 0.486755
1 0.750998
9 0.676661
7 0.732979
6 0.600060
4 0.560392
3 0.680534
1 0.680917
9 0.537168
0 0.612021
2 0.647024
5 0.783203
7 0.572918
9 0.663993
1 0.637537
3 0.709816
6 1.195165
8 0.713237
9 0.542913
0 0.516472
2 0.740791
4 0.567718
5 0.719870
6 0.504421
7 0.533948
3 0.656416
4 0.595670
2 0.572102
1 0.566991
0 0.759341
9 0.543537
8 0.629138
7 0.658768
4 0.557847
5 0.518093
6 0.606249
3 0.622554
2 0.612151
1 0.631102
0 0.596649
9 0.772525
4 0.504023
5 0.645528
6 0.501921
7 0.584810
3 0.734385
4 0.697399
2 0.588332
1 0.585922
9 0.671517
0 0.741194
8 0.592157
3 0.885719
2 0.822208
4 0.681086
5 0.561408
6 0.697681
1 0.852691
3 0.927787
4 0.520032
5 0.624435
7 1.109926
2 0.507629
1 0.825313
0 0.671028
9 0.628570
3 0.602272
4 0.658564
5 0.597572
8 0.645728
9 0.614082
3 0.408994
2 0.617229
1 1.316105
8 1.564540
7 0.613233
3 0.472194
1 0.709743
9 0.747247
