2 1.295708
3 1.498881
6 0.750144
8 0.667736
9 0.665492
4 0.767058
0 0.503446
1 0.652924
5 0.367961
2 0.512092
8 1.941559
3 0.401214
9 0.497347
7 0.660215
4 0.591292
1 0.684801
9 1.580974
6 0.616463
1 0.475424
3 0.632953
0 0.678579
8 0.710903
4 0.516521
5 0.572717
9 0.367715
2 0.535809
3 0.858702
8 0.389912
1 0.443401
6 0.579541
0 0.438457
4 0.534754
1 0.609726
7 0.308611
3 0.490142
8 1.676701
2 0.925540
5 0.494084
9 0.329019
4 0.369125
0 0.417318
1 0.932152
3 0.567226
6 0.455534
2 0.666400
8 0.543910
4 0.749599
7 0.675225
2 0.768977
3 0.633296
9 0.374900
6 0.649781
1 0.532654
0 0.575567
7 0.514648
2 0.423998
4 0.549743
8 0.419199
0 0.566167
1 0.518399
5 0.462696
8 0.724167
3 0.924506
9 0.500955
6 0.519794
2 0.623953
5 0.461730
8 0.640578
1 0.536862
4 0.675666
9 0.500202
7 0.815084
3 1.793833
2 2.063694
9 0.478088
8 0.694264
4 0.489323
6 0.540200
1 0.399228
3 0.623363
7 0.716992
8 0.567807
1 0.464265
4 0.701773
5 1.624563
2 0.830782
9 0.716414
7 0.588667
2 0.378405
3 0.589130
4 0.762847
0 0.515160
8 0.560615
5 0.728858
1 0.681174
7 0.617661
2 0.492593
9 0.743150
8 0.613053
3 0.472033
