8 1.017567
2 1.340567
6 0.935928
3 0.714831
9 0.808577
4 0.704892
7 0.742448
1 0.580341
9 0.695133
4 0.570058
8 0.933047
1 0.648116
5 0.744375
2 0.670078
4 0.843521
8 0.748109
0 0.793713
5 0.799310
4 0.759627
8 0.680002
1 0.728297
5 0.920658
2 1.760820
3 0.937618
8 0.596873
9 0.805045
4 0.597418
8 0.669717
2 0.707318
6 0.840916
7 1.017264
1 0.460397
4 0.615352
0 1.330123
9 1.429230
6 0.563396
3 0.627577
4 0.657140
7 0.884098
9 0.564576
2 0.844732
8 0.997092
4 0.565605
7 1.741615
1 0.793068
4 2.158514
5 0.695611
0 0.490504
9 0.797390
8 0.661650
5 1.000759
2 0.721152
1 0.873448
4 0.639188
8 0.591511
6 0.612994
0 0.480020
4 0.464366
8 0.661821
9 0.627502
2 0.577076
5 0.628024
8 0.497619
6 0.500481
1 0.567557
4 0.703727
1 0.605287
7 0.669655
3 0.771244
6 0.710174
5 0.731822
0 1.558780
9 0.703454
2 0.789062
1 0.658768
8 0.541773
3 0.512694
4 0.710236
6 0.667963
7 1.272947
9 0.823227
8 0.621123
2 0.623900
4 0.885606
5 0.805909
6 0.758281
0 0.718624
9 0.670972
8 1.308405
7 0.562296
2 0.586750
3 0.600256
4 0.640607
5 0.568950
0 0.553113
6 0.694711
1 0.409696
8 0.612520
4 0.999448
5 0.575904
