5 1.675202
7 1.915934
3 1.436742
0 1.597177
4 1.933684
9 1.281174
8 1.617732
1 1.309016
5 1.986803
6 2.952646
8 2.599051
3 2.048116
0 1.608925
5 0.908361
4 1.777941
7 1.741247
8 1.920614
1 2.609091
5 1.892859
3 1.624214
0 2.110059
7 3.276027
6 3.093109
3 1.753230
8 1.303225
9 2.236930
9 2.069791
4 1.803851
3 2.156616
7 1.901344
9 2.024821
2 1.494991
1 2.130089
4 1.781533
6 1.776852
5 1.156388
9 1.540744
7 1.351979
3 1.517857
2 1.598412
0 1.614969
7 2.090217
4 1.501644
8 1.787524
1 2.025475
0 1.335729
6 2.050778
3 1.318375
8 1.478768
2 1.055571
7 1.154549
5 1.512252
4 1.438190
3 1.350789
9 1.260623
0 1.463685
8 2.301506
2 1.321256
1 1.601665
7 1.154267
6 1.512001
4 1.549968
5 1.219973
0 1.143072
2 1.228813
8 1.274611
9 1.112519
3 1.534270
7 1.137502
2 1.348516
8 1.034576
4 1.128234
9 1.056673
6 1.411740
3 1.247040
1 1.135347
2 1.234638
9 1.576336
7 1.243739
3 0.860206
4 1.575181
5 1.314407
1 1.224289
0 1.214206
9 0.929295
2 1.076298
8 0.764798
3 1.133169
0 1.592073
5 0.726205
4 1.118533
6 0.934862
1 1.193996
3 1.047827
7 1.096173
9 1.251280
1 1.542314
0 1.052334
5 1.127397
3 1.823766
