3 0.892740
2 1.079774
1 1.032282
6 0.685938
4 0.870163
8 0.675961
7 0.980251
5 0.759346
9 1.023683
0 0.821414
3 0.760382
8 0.888725
7 0.761107
6 0.705499
1 0.567067
9 0.799299
4 0.439670
1 0.767996
2 0.936301
6 0.963346
8 0.875765
3 0.420190
7 0.878915
0 0.575356
5 0.514263
1 0.671903
4 1.141443
9 0.704701
8 0.750247
7 0.827919
3 0.617610
2 0.900477
6 0.903573
0 0.837248
4 0.637706
8 0.725976
5 0.702251
1 0.651428
7 0.662245
9 0.660410
4 0.751509
7 1.020885
2 0.720160
3 0.768408
9 0.736806
6 0.795860
0 0.548167
4 0.521793
8 0.594094
2 0.671603
6 0.701208
0 0.912207
7 0.861878
3 0.664965
1 0.670498
5 0.524232
9 0.668539
4 0.514151
8 0.671724
2 0.437424
1 0.773484
7 0.616571
4 0.603374
0 0.515849
3 0.636032
8 0.532347
5 0.551301
9 0.540817
7 0.719644
2 0.407935
6 0.552333
1 0.381866
4 0.560771
0 0.433078
7 0.758507
4 0.606926
1 0.711041
8 0.612818
6 0.647683
2 0.504093
8 0.589647
3 0.491319
4 0.758098
0 0.766460
6 0.606790
9 0.734971
3 0.610019
8 0.597004
2 0.685290
6 0.677595
0 0.749829
4 0.547560
9 0.689127
5 0.617415
1 0.532377
3 0.831315
9 0.868841
2 0.906518
0 0.696384
4 0.603413
