4 1.109720
0 0.635373
7 0.657211
5 0.852027
2 0.575216
8 0.618128
0 0.821105
4 0.448216
1 0.696236
7 0.531224
0 0.838286
3 0.830492
6 0.956047
8 1.268412
3 0.706471
0 0.688163
8 0.880200
5 1.256775
2 0.652026
4 0.902906
3 0.844646
7 0.884942
6 1.085261
1 0.597840
9 0.718050
0 1.254354
2 0.761497
6 0.865937
8 0.855527
7 0.978450
5 0.797705
0 0.837888
2 0.934171
3 0.897268
8 0.516555
0 0.908600
4 0.714339
7 0.855923
1 0.843042
3 0.835365
5 0.929060
0 1.060065
1 0.711220
8 0.900913
6 0.783869
2 0.917526
7 0.797922
0 0.758293
9 0.734677
1 0.737698
3 0.796600
4 0.948899
6 0.810714
2 0.853646
9 0.775944
7 1.347612
1 1.025503
6 1.071349
0 1.149008
8 1.058835
9 1.429930
3 0.859754
0 1.110825
1 0.660605
2 0.759702
3 0.887908
2 0.776291
2 1.219118
5 0.734350
6 0.889415
0 0.691906
7 0.775430
3 0.690445
8 0.501397
0 0.960360
1 0.992605
9 0.902490
7 1.268095
0 0.865899
3 0.599674
4 0.855478
3 1.154913
1 0.864784
0 1.150419
7 1.740013
2 1.039620
5 1.455907
5 1.259232
1 0.918228
0 1.414669
7 1.377889
3 1.293055
5 2.575951
9 1.283627
4 1.916325
7 1.349077
6 1.122969
1 0.803252
2 1.027767
7 0.753497
