2 0.735943
8 0.539077
6 0.661908
3 0.592806
0 0.430498
8 0.580050
5 0.606940
2 0.583187
1 0.620787
9 0.687765
4 0.415964
6 0.747010
9 0.776566
4 0.787537
2 0.713265
9 0.550919
7 0.596512
1 0.524682
3 0.533079
7 0.711869
8 0.629718
5 0.555250
2 0.592881
0 0.542468
1 0.499945
4 0.510833
6 0.676622
9 1.164662
3 0.677335
7 0.645603
0 0.558011
3 0.518120
8 0.606382
4 0.310689
1 0.452138
2 0.783078
6 0.604670
7 0.597016
9 0.501275
3 0.576123
4 0.563130
5 0.691383
8 0.702525
0 0.604026
1 0.484265
2 0.844468
7 0.516873
8 0.669117
3 0.386781
4 0.600325
9 0.552459
0 0.614210
1 0.929103
2 1.091386
5 0.591382
6 0.708918
7 0.730491
2 0.413412
3 0.664347
8 0.526130
9 0.566353
0 0.606418
4 0.462804
6 0.620284
8 0.823322
1 0.485032
4 0.589440
2 0.754894
9 0.848488
3 0.664829
7 1.246376
9 0.710932
1 0.716486
4 1.236856
6 0.669382
7 0.627034
9 0.656694
0 0.587570
3 0.537197
5 0.676021
8 0.532495
7 0.935341
1 0.482453
2 0.586723
9 0.712290
5 0.813808
3 0.544924
1 0.630569
7 0.548189
8 0.505636
3 0.391379
4 0.756813
1 0.965122
2 0.693446
6 0.536555
7 0.595486
9 0.659783
3 0.590768
4 0.636018
5 0.668517
