3 0.986278
0 0.773309
8 0.568466
5 0.544671
1 0.734307
7 0.593262
3 0.454979
2 0.953712
6 1.007450
4 0.815914
9 0.818868
3 1.029870
2 1.083533
6 0.660167
7 0.703141
4 0.780685
1 0.623636
3 1.461169
9 0.736421
5 0.715571
5 1.401058
0 0.769716
3 0.812779
8 0.623807
1 0.749388
6 0.626901
2 0.752691
8 0.630444
4 0.907807
0 0.841616
9 0.561979
2 0.514165
5 0.879734
7 0.488101
1 0.472509
8 0.525926
3 0.670189
9 1.203701
5 0.764212
1 0.748695
4 0.546362
6 0.527980
0 0.792121
3 0.493962
8 0.640697
1 0.665116
6 0.678705
9 0.606869
3 0.447221
0 0.655557
7 0.578489
1 0.629476
4 0.706887
0 0.544612
6 0.862182
2 0.681191
8 0.553482
3 0.519195
6 0.423436
0 0.468934
3 0.506515
0 0.584058
8 0.541608
7 0.760758
0 0.656927
3 0.483862
6 0.364227
8 0.444321
1 0.460590
4 0.463400
9 0.500997
2 1.023922
4 0.565561
0 0.621978
6 0.560918
5 0.777177
8 1.163985
3 0.436587
0 0.500834
6 1.031753
1 0.677544
2 0.869864
8 0.523494
0 1.835469
4 0.868337
6 0.522147
2 0.666421
6 0.983876
4 0.973672
0 1.128808
3 1.297145
8 0.700524
6 0.623336
9 0.789049
4 0.714705
1 1.064183
5 0.510156
0 0.835568
3 0.436149
6 0.428331
