2 0.991812
3 1.037639
4 0.957970
6 0.774412
9 0.657401
1 0.508446
0 0.738075
8 0.708973
1 0.994685
9 0.672389
7 0.958027
4 0.558374
2 0.670692
5 0.708612
0 1.153872
1 0.791716
8 0.477460
2 0.701642
7 0.824702
3 0.566341
6 0.990488
8 0.620316
2 0.719305
3 0.583652
4 0.717290
9 0.501477
1 0.528471
0 0.720658
7 0.577042
4 0.691904
2 0.566901
8 0.647130
5 0.511319
1 0.748998
2 0.442635
9 1.338826
1 0.878063
3 0.998367
6 0.694812
7 0.697950
8 0.796778
0 0.477215
1 1.101263
2 0.456496
3 0.483382
5 1.131491
7 0.614657
0 0.417683
1 0.556604
8 0.876706
4 0.573209
2 1.247949
3 0.616707
5 0.691519
8 0.766499
9 0.646919
1 0.503176
2 0.788703
7 0.658465
8 0.637371
1 0.605569
3 0.541952
5 0.640927
9 0.721096
0 1.105386
2 0.991161
7 0.636952
0 0.541230
3 0.656231
6 0.675058
9 0.712741
1 0.542234
2 2.992935
8 0.623781
9 0.725233
1 0.949647
4 0.635291
6 0.673075
8 0.742504
0 0.452300
2 0.495326
4 2.921699
5 0.683116
6 0.531459
7 0.526391
1 0.798518
9 0.887001
2 1.087210
3 0.575744
4 0.530610
6 0.517682
9 0.469848
1 0.755485
7 0.697064
4 0.628151
9 1.241537
1 0.778160
2 0.493200
3 0.432021
4 0.541642
