3 0.795459
8 0.825140
6 0.542849
9 0.852453
5 0.591530
1 0.621058
4 0.567992
7 0.744269
2 0.477977
4 0.766090
8 0.526533
3 0.718753
7 0.495078
2 0.386026
5 0.671621
0 0.437077
1 0.853272
6 0.688430
3 0.648702
9 0.465046
3 0.510612
8 0.468186
2 0.385697
5 0.487177
1 0.519598
7 0.687678
3 0.679957
0 0.656283
5 0.427312
1 0.944774
4 0.654606
7 0.777528
9 0.780436
6 0.759475
3 0.655827
8 0.770867
3 0.493892
7 0.520744
2 0.416974
7 0.651730
1 0.534796
8 0.593792
4 0.463420
0 0.412843
5 0.423828
9 0.781336
3 0.432308
6 0.581902
1 0.448816
7 0.513000
9 0.566723
3 0.558940
4 0.679153
8 0.495508
2 0.458334
7 0.581376
1 0.472221
8 0.869709
9 0.699369
3 0.550454
4 0.835998
7 0.972395
2 0.399483
8 0.415620
0 0.586660
5 0.472089
1 0.485676
6 0.565908
3 0.598114
8 0.446470
7 0.734668
2 0.417697
9 0.684498
4 0.356883
1 0.653118
0 0.712034
6 0.613698
8 0.592666
2 0.558293
1 0.638498
4 0.686684
7 0.566993
3 0.647367
9 0.591671
6 0.853270
2 0.648231
8 0.864566
1 0.382282
6 0.681196
2 0.649409
7 0.348389
0 0.449870
3 0.764784
8 0.517141
1 0.701380
4 0.520426
9 0.472606
3 0.822183
6 0.593197
1 0.446798
