2 0.837199
5 0.733574
9 0.432594
0 0.478191
1 0.622294
2 0.593274
6 0.518913
7 2.006948
6 0.623865
5 0.597457
4 0.597801
1 0.582030
9 0.592974
8 0.694557
6 0.881531
5 0.561910
4 0.514255
2 0.615727
0 0.570740
8 0.573655
7 0.608568
6 0.576837
5 0.691709
4 0.606733
1 0.559075
9 0.615316
8 0.666225
7 0.791811
4 2.213273
1 0.545055
9 0.502556
7 0.620152
6 0.783147
5 0.548802
4 0.562412
2 0.546646
9 0.568256
6 2.096306
5 0.659780
3 1.662707
1 0.492946
9 0.607823
8 0.504017
7 0.613702
6 0.752625
5 0.598233
4 0.614596
2 0.609464
0 0.588452
9 0.442030
6 1.930032
4 1.997458
1 1.574284
9 0.945564
8 0.519323
7 1.023595
6 0.565376
4 2.085321
1 0.653880
9 0.561320
7 0.761577
6 0.593861
5 0.631580
4 0.541315
1 0.696034
9 1.259039
7 1.030105
5 1.603794
4 0.828531
3 0.562242
0 1.114442
8 0.872225
7 0.638055
6 0.582229
5 1.017113
3 1.588118
0 0.658305
8 0.485246
7 0.629399
6 0.898982
5 0.526108
4 0.606355
3 0.646704
0 0.926841
9 0.695230
7 1.730085
6 0.621607
5 0.624529
4 0.598088
3 0.558392
0 0.758726
9 0.574981
8 0.857960
7 1.060915
6 0.551977
5 0.621680
4 0.568854
3 0.816798
1 0.611728
8 0.998818
