0 0.826334
3 0.568285
8 0.464620
5 0.742065
1 0.777030
7 1.067874
2 0.449886
4 0.860722
9 0.575832
6 0.714656
3 0.712303
0 0.718107
8 0.534273
7 0.945122
5 0.702909
2 0.852476
1 0.615575
9 0.682571
0 0.682760
4 0.451180
6 0.686045
7 0.710352
8 0.635813
2 0.708330
3 0.593919
5 0.519524
9 0.503717
1 0.573427
0 0.904167
4 0.509959
8 0.651640
3 0.790556
4 1.188149
7 0.490020
8 0.756923
6 0.557267
2 0.397518
9 0.605634
0 0.821926
5 0.760914
6 0.689296
7 0.620288
1 0.495333
3 1.074123
4 0.671409
9 0.421528
0 0.592536
1 0.494156
8 0.680914
2 0.329336
3 0.764089
0 0.628426
6 0.474141
4 0.807574
7 0.527905
5 0.656204
0 0.395172
8 0.488801
2 0.720890
1 0.577245
3 0.628208
7 0.489908
4 0.596745
9 0.469074
6 0.466644
2 0.800028
0 0.864429
8 0.606160
3 0.326476
4 0.798564
5 1.038949
1 0.735402
7 0.450421
2 0.453311
8 0.432132
0 0.917657
3 0.558173
6 0.558393
9 1.054512
1 0.793713
4 0.783362
8 0.581124
2 0.607982
5 0.552392
0 0.621902
1 0.608704
3 0.761020
7 0.912882
8 0.551270
4 0.508787
2 0.746272
9 0.567914
0 0.680327
1 0.472569
3 1.117995
5 0.742491
7 0.652252
8 0.767195
1 0.399533
3 0.567769
