1 0.882435
3 0.618973
2 0.845969
3 0.838243
5 0.726618
7 0.766948
4 0.863222
0 0.557066
4 0.573316
6 0.776095
9 0.619135
9 0.678176
2 0.654380
7 0.561469
0 0.633591
1 0.711301
1 0.836972
4 0.693222
6 0.768145
5 0.736596
2 0.635582
8 0.665268
3 0.662857
8 0.876434
6 0.628801
1 0.602452
3 0.666216
7 0.736285
0 0.555339
9 0.632894
9 0.678460
4 0.622755
2 0.596403
3 0.628719
6 0.650429
5 0.581271
4 0.728229
1 0.640463
2 0.616829
0 0.731754
8 0.598756
9 0.671038
6 0.604660
6 0.589041
3 0.554619
8 0.664205
7 0.709741
2 0.611473
3 0.630276
1 0.547988
4 0.609597
5 0.604538
0 0.692835
0 0.583794
1 0.565398
9 0.589742
3 0.659337
7 0.534312
8 0.657045
2 0.628169
1 0.585818
4 0.575381
6 0.778185
8 0.565174
7 0.693525
3 0.568376
5 0.592739
9 0.638307
1 0.582734
0 0.724289
8 0.532583
2 0.535457
7 0.562516
7 0.578621
3 0.501525
1 0.519993
9 0.520820
1 1.032891
3 0.494694
2 0.657641
5 0.476739
7 0.604900
5 0.605147
6 0.589439
7 0.594977
4 0.608617
4 0.584938
0 0.414555
2 0.609467
1 0.524344
9 0.540647
9 0.623567
3 0.541194
2 0.672224
8 0.525773
8 0.733917
5 0.784858
4 0.694485
2 0.561582
0 0.633900
