1 1.013942
4 0.545006
6 0.534733
9 0.617579
2 0.516525
4 0.652775
7 0.615773
0 0.682669
2 0.507044
5 0.624584
9 0.582222
8 0.649060
3 0.561444
1 0.705681
6 0.823276
5 0.772909
2 0.783875
9 0.637607
7 0.893963
3 0.577023
0 0.627834
1 0.873519
4 0.751272
8 0.852804
2 0.663968
5 0.749558
0 0.843077
2 0.667490
4 0.801176
7 0.537584
6 0.724410
1 0.524721
2 0.701046
8 0.687932
5 0.832259
3 0.829972
9 0.611724
8 0.702638
7 0.692254
2 0.551271
5 0.676776
4 0.989093
0 0.530916
9 0.653729
1 0.464758
3 0.630279
7 0.571909
6 0.686798
2 0.519179
0 0.639366
9 0.695706
1 0.682650
4 0.467055
7 0.640493
8 0.648800
2 0.513204
5 0.662739
0 0.716323
9 0.612759
6 0.543558
1 0.613218
3 0.480071
4 0.680400
8 0.592663
0 0.582352
2 0.689305
6 0.836056
8 0.668621
3 0.450234
1 0.701041
5 0.456023
9 0.434941
3 0.432590
6 0.814090
1 0.609078
4 0.948017
8 0.777710
0 0.828719
1 0.714409
3 0.751943
6 0.645717
4 0.862026
1 0.705069
9 0.742701
7 0.612343
3 0.655281
0 0.570319
6 0.605227
1 0.693445
4 0.600381
9 0.576749
8 0.587570
2 1.601126
3 0.817812
7 0.740872
8 0.655877
1 0.474877
2 0.784355
5 1.197982
9 0.726539
