2 0.803374
9 0.579897
6 0.726730
7 0.767071
4 0.527327
5 0.711641
1 0.613207
0 0.664295
3 0.845841
8 0.846175
9 0.854500
4 0.633545
7 0.655235
2 0.682079
5 0.906421
1 0.776212
4 1.283031
6 0.667717
0 0.649361
3 0.812263
8 0.551416
7 0.916868
2 0.685303
5 0.653550
4 0.800507
0 0.520940
8 0.649163
3 0.515809
1 0.780539
6 0.551377
8 0.796811
0 0.765239
4 0.597604
6 0.621813
2 0.504826
5 0.574401
1 0.609262
7 0.748162
1 0.753917
8 0.623513
3 0.621151
9 0.664082
4 0.589790
2 0.827371
7 0.521061
1 0.729254
5 0.620295
3 0.767253
6 0.663616
8 0.765223
0 0.717491
4 0.549937
5 1.027209
8 0.633221
2 0.782813
5 0.604545
6 0.748654
0 0.594404
2 0.703892
8 1.141548
9 0.656756
6 0.539661
4 0.718627
1 0.623047
3 0.564537
7 0.716774
3 0.949146
5 0.698867
8 0.605936
6 0.814105
1 0.497137
4 0.772012
0 1.278904
2 0.623607
5 0.629210
9 0.618842
6 1.077691
8 0.718231
1 0.550516
9 0.812054
2 0.599146
3 0.711300
7 0.445075
4 0.797295
6 0.581613
5 0.696433
0 0.579468
1 0.654394
4 0.593438
8 0.727045
9 0.663276
1 0.564980
2 0.797256
3 1.253336
6 0.704749
5 0.814348
4 0.649421
7 0.892233
0 0.511469
8 0.604950
