2 0.673764
3 0.495368
1 0.458437
0 0.733191
4 0.600119
5 0.464468
9 0.485977
2 0.382249
3 0.401196
5 1.137204
9 1.324449
7 0.532973
3 0.583905
2 0.461466
1 0.480389
0 0.648604
9 0.537040
5 0.539746
3 0.638661
7 0.486968
2 0.375357
3 0.538170
1 0.501045
0 0.528004
7 0.472326
3 0.461769
4 0.576631
5 0.507464
2 0.633125
1 0.422825
9 0.452380
7 0.615275
8 0.578171
6 0.469116
3 0.514678
2 0.448230
1 0.456558
0 0.459394
8 0.494243
4 0.401203
5 0.649276
2 0.476445
3 0.564625
1 0.612857
0 0.447868
9 0.407975
8 0.527962
2 0.432493
3 0.558022
4 0.486376
6 0.558512
7 0.630857
2 0.532541
1 0.391367
8 0.460875
3 0.407771
4 0.543952
5 0.749531
1 0.803201
0 0.507485
9 0.569174
8 0.612110
3 0.343050
4 0.540587
6 0.527512
2 0.407806
7 0.559953
1 0.440052
4 0.608474
1 0.440763
9 0.544959
5 0.374553
2 0.433425
1 0.471014
0 0.764483
9 0.852777
3 0.527844
4 0.448204
5 0.776383
6 0.587375
7 0.672948
1 0.878575
0 0.662937
9 0.604562
2 0.556819
3 0.509176
4 0.634829
5 0.880322
6 0.464723
2 0.414253
1 0.561142
0 0.505391
9 0.415018
8 0.457973
3 0.396842
4 0.588948
5 0.402588
2 0.346819
7 0.512278
2 0.589885
