1 0.517700
2 0.605901
9 0.414301
5 0.481071
4 0.593260
4 0.431020
6 0.524485
7 0.476810
2 0.860807
1 0.512034
0 0.437690
3 0.621842
8 0.368775
3 0.416894
2 0.387782
9 0.353481
1 0.478962
0 0.583205
8 0.556737
5 0.636970
3 0.741260
6 0.440386
7 0.560528
1 0.368665
2 0.337098
4 0.923735
6 0.460170
4 0.479053
7 0.591343
1 0.732901
9 0.423955
2 0.645527
3 0.573418
6 0.600668
5 0.585001
7 0.534584
9 0.449505
0 0.428476
1 0.394030
0 0.439582
3 0.559830
4 0.559853
7 0.832261
2 0.653887
8 0.472950
1 0.566523
2 0.454776
3 0.649640
6 0.724537
5 0.476978
8 0.421169
2 0.439931
0 0.504024
9 0.557855
1 0.358048
3 0.406256
6 0.630483
4 0.532175
5 0.799018
7 0.423488
1 0.596878
2 0.381233
4 0.736056
6 0.411025
8 0.541897
1 0.464839
2 0.462406
5 0.753291
4 0.559020
9 0.831273
1 0.484930
2 0.789138
5 0.530841
6 0.557681
8 0.517831
3 0.558247
6 0.590585
7 0.540134
0 0.495169
1 0.513736
2 0.415523
7 0.498442
9 0.493296
3 0.344246
5 0.461852
4 0.584641
2 0.798257
7 0.462553
8 0.436174
3 0.580485
6 0.591259
4 0.428993
1 0.618548
0 0.469457
9 0.507116
2 0.464573
8 0.366100
7 0.646290
4 0.550578
6 0.500201
