3 1.315726
0 2.388091
1 0.882489
9 1.410852
8 0.854119
6 1.065139
5 0.766885
3 0.943275
2 0.892878
1 0.879896
9 0.880307
8 0.752744
6 0.838314
3 0.774736
2 0.969767
1 0.908767
0 1.682409
9 1.419056
8 0.750483
6 0.876027
4 0.604491
3 1.028655
2 0.730459
1 0.781361
0 0.960445
9 0.776797
8 0.811827
6 1.070804
4 0.876503
3 0.924904
2 0.693326
1 0.840230
0 1.096555
9 0.883791
8 0.827969
7 1.001805
6 0.922114
4 0.954588
3 0.928353
2 0.720772
1 0.720994
0 0.729366
9 0.668345
8 0.674012
7 0.703570
5 0.613330
4 0.760200
3 1.080426
2 0.928909
1 1.571879
0 0.719307
9 0.831681
8 0.885181
7 0.853625
4 0.928613
3 0.801112
2 0.737472
1 1.564212
0 0.853043
9 0.712029
8 0.677628
7 0.646024
4 0.686286
3 0.670519
2 0.676212
1 0.708471
0 1.274104
9 0.735908
8 0.682964
7 0.747295
5 1.056864
3 0.603997
2 0.780291
1 0.767254
0 0.671671
9 0.941237
8 1.000327
7 0.720572
5 0.840976
4 0.921169
3 0.721813
2 1.009931
1 0.773134
0 0.792188
9 0.877786
8 0.782201
7 0.641229
6 1.001323
5 0.865794
4 0.695500
3 0.842520
2 0.954750
1 0.728609
0 0.872948
9 0.758734
8 0.718946
7 0.775309
6 0.794275
5 1.719695
4 0.824643
