2 0.826815
3 0.888448
8 1.552699
5 0.702897
3 0.644437
0 0.524767
5 0.493065
9 0.503894
4 0.597595
1 0.581856
7 0.584766
2 0.430283
6 1.203727
3 0.604346
9 0.500688
2 0.647523
7 0.711881
8 0.701331
1 0.448475
4 0.576705
8 0.715491
0 0.433334
5 0.534824
1 0.441680
7 0.474032
2 0.495598
6 0.458489
3 0.613345
8 0.344350
1 0.597742
4 0.390163
9 0.547447
2 0.761216
5 0.577596
0 0.492534
3 0.447434
7 0.471502
1 0.533118
5 0.847949
9 0.664449
5 0.414054
8 0.528951
2 0.561219
6 0.649441
2 0.468441
7 0.442058
8 0.682190
1 0.490524
3 0.557397
0 0.501660
6 0.560562
2 0.496899
8 0.571655
3 0.302696
6 0.668101
1 0.465945
4 0.583449
0 0.549089
7 0.546615
2 0.704235
8 0.757873
3 0.326221
0 0.566272
5 0.446650
8 0.550777
1 0.660447
2 0.831330
7 0.421103
3 0.399944
9 0.432141
5 0.397752
0 0.437886
7 0.566153
1 0.462478
4 0.473367
8 0.382921
2 0.324456
6 0.548555
9 0.490181
3 0.285151
7 0.645200
2 0.405631
8 0.397819
1 0.469997
5 0.395462
0 0.305206
6 0.526649
2 0.366821
7 0.311109
1 0.476549
5 0.420830
0 0.255798
4 0.522547
9 0.298753
3 0.589628
7 0.483146
1 0.379425
6 0.390349
0 0.403757
8 0.764070
