8 0.700156
3 0.375248
4 0.585945
5 0.607541
7 0.615864
9 0.514830
1 0.568537
2 0.536658
6 0.403355
2 0.715666
3 0.564128
4 0.900197
9 0.679528
3 0.663751
7 0.557345
5 0.653687
2 0.656634
0 0.691517
8 0.614516
7 0.689409
2 0.420479
4 0.551360
9 0.756889
2 0.485193
6 0.837472
3 0.637956
4 0.670145
5 0.851633
7 0.486843
8 0.822948
2 0.412727
3 0.567675
0 0.471954
4 0.509519
9 0.770922
8 0.574052
1 0.584838
2 1.014422
4 0.537549
5 0.676539
7 0.540796
8 0.519746
2 0.599977
3 0.648259
4 0.896609
9 0.363599
4 0.443692
5 0.763810
7 1.172304
8 0.703457
1 0.453235
2 0.655994
6 0.459034
3 0.461984
9 0.760723
7 0.521153
1 0.345355
4 0.678940
5 0.487238
6 0.623466
8 0.509029
9 0.674522
1 0.560324
3 0.664583
4 0.502181
5 1.120967
7 0.633763
8 0.793724
2 0.359541
0 0.559654
3 0.655924
4 0.762897
9 0.539307
8 0.694172
2 0.401049
5 0.457426
0 0.556252
3 0.564479
7 0.460877
2 0.407646
6 0.527774
2 0.472004
7 0.493690
4 0.640586
8 0.320940
1 0.465154
3 0.510670
9 0.572255
8 0.655084
4 0.530175
3 0.620987
7 0.359995
1 1.247955
6 0.328623
5 0.584827
9 0.414560
2 0.737349
3 0.996190
8 0.644777
4 0.996902
