3 0.752222
2 0.549925
1 0.683464
6 0.411892
7 0.638608
9 0.583012
4 0.460415
5 0.503482
0 0.669062
8 0.634688
3 0.408231
2 0.520355
7 0.696565
4 1.163472
1 0.534674
0 0.497754
6 0.420756
3 0.583515
7 0.541261
8 0.663982
9 0.565582
2 0.541947
3 0.584926
4 0.638402
5 0.486828
0 0.535040
1 0.641913
8 0.482160
9 0.626430
3 0.479961
2 0.688245
6 0.536702
7 0.619631
3 0.566440
1 0.462758
4 0.588370
5 0.561989
8 0.498161
0 0.637113
1 0.653260
9 0.568237
3 0.744510
2 0.670368
6 0.667742
7 0.641543
8 0.537707
9 1.172603
0 0.591836
1 0.637433
2 0.853693
4 0.664859
5 0.526504
6 0.550632
7 0.524339
9 0.476425
3 0.564789
4 0.492980
7 0.607952
0 0.640154
1 0.424510
2 0.470119
8 0.715471
7 0.969128
5 0.636311
4 0.596512
3 0.620880
2 0.687797
1 0.592015
7 1.013585
6 0.584758
5 0.478467
4 0.534672
0 0.481560
9 0.489740
4 0.524716
3 0.612924
8 0.551957
2 1.285393
7 0.622136
6 0.792977
0 0.910659
1 0.580393
4 0.807192
5 1.095582
2 0.434669
8 0.496353
7 1.163149
6 0.619606
3 0.438522
1 0.422777
0 0.980254
4 0.583438
8 0.541071
9 0.799888
3 0.482399
1 0.763074
0 0.563403
5 0.643805
6 0.596083
2 0.420449
