0 0.488832
8 0.816973
4 0.644056
2 0.692384
7 0.575338
3 0.962298
9 0.642769
7 0.482989
2 0.515328
7 0.624866
2 0.278505
7 0.446571
3 0.542719
9 0.708389
6 0.458175
1 0.508907
4 0.514527
9 0.543997
7 0.725672
2 0.445978
7 0.406348
2 0.342454
8 0.441402
3 0.601573
7 0.545760
2 0.287513
7 0.391522
9 0.461095
4 0.352056
8 0.869516
3 0.291215
0 0.629995
6 0.555532
1 0.481330
7 0.721444
7 3.065430
3 1.016138
6 0.675242
8 2.424653
3 0.551191
-1 5.000068
4 0.731578
2 0.774781
7 0.369766
3 0.492723
8 0.527547
3 0.543807
7 0.413495
0 0.520402
5 0.784438
9 0.574059
4 0.801169
9 0.665454
4 0.455117
0 0.818013
-1 5.000036
-1 5.000092
4 0.747110
3 0.800559
0 0.497163
9 0.659995
6 0.510910
2 0.436692
7 0.364794
8 0.900864
3 0.399978
9 1.480089
4 0.640754
9 0.505263
7 1.469690
2 0.380624
6 0.839427
1 0.455636
6 0.834661
9 0.424472
4 0.461994
8 0.664909
0 0.558442
7 0.798732
2 0.327150
7 0.359276
1 0.775480
9 1.042295
4 0.522847
0 0.667092
6 1.248527
3 0.681232
9 1.609338
3 1.660584
8 0.399965
6 0.584278
1 0.821748
7 0.984849
9 1.318583
4 0.495247
7 1.649851
2 0.653378
7 0.504359
9 0.741941
4 1.128746
