3 0.829866
2 0.979498
1 1.710568
7 0.660667
9 0.703621
4 0.437416
5 0.781679
6 0.672504
7 1.366039
1 0.806691
2 0.758958
3 0.887297
0 0.895666
9 0.834682
8 0.864329
5 1.013951
3 0.753173
1 0.678830
9 0.735045
7 0.794067
4 0.535825
5 0.882592
6 0.779181
2 0.990103
9 0.779767
3 0.566885
7 0.631154
1 0.884760
4 0.701180
0 0.639954
9 0.752333
8 0.829975
7 0.883578
6 1.076024
5 0.620417
4 0.599453
8 0.695723
7 0.714765
2 0.592293
1 0.677965
0 0.742239
8 0.753280
7 0.734893
6 0.753820
5 0.583541
4 0.573183
8 1.471948
7 0.678002
8 0.806312
9 0.734568
0 0.721650
1 0.521897
0 0.666151
9 0.519925
8 1.175920
7 1.155074
5 0.856869
4 0.540013
3 0.654933
2 0.737922
1 0.852913
0 0.759868
7 1.056146
6 0.979244
4 0.822293
3 0.641446
2 0.809579
4 0.940626
5 0.807792
6 0.760007
7 1.120260
8 0.992772
6 0.646652
5 1.446759
7 1.431232
8 0.701330
9 0.712329
1 0.741930
2 0.728906
3 0.769189
0 0.700237
1 0.615188
2 0.834249
9 0.799799
2 0.840147
3 0.688544
7 0.560911
7 0.825071
8 0.926741
6 1.063083
4 0.684984
3 0.685194
2 0.869492
7 0.571349
2 0.662227
1 0.697174
0 0.692060
9 0.783202
8 0.764830
7 0.605059
