2 0.667312
4 0.624900
5 0.614567
6 0.737447
7 0.627916
8 0.794037
9 0.863694
0 1.021361
1 0.696541
2 0.547408
3 0.633112
4 0.822522
5 0.788466
6 0.682132
7 0.610437
8 0.573347
9 0.704235
2 0.645854
4 0.534303
5 0.465118
6 0.638660
7 0.654934
9 1.073793
0 0.719647
1 0.607980
4 0.848289
5 0.656561
6 0.739528
7 0.782612
3 0.828240
5 0.546040
6 0.679520
8 0.927831
1 0.496318
3 0.827039
5 0.760829
7 0.729121
9 0.620086
2 0.663074
4 0.540784
5 0.519711
6 0.567849
9 0.608028
1 0.640332
3 0.632723
5 0.742332
9 0.513393
3 0.686881
5 0.663132
6 0.596799
3 0.525116
0 0.693268
7 0.752394
4 0.654013
6 0.808949
3 0.865196
4 0.606857
5 0.639363
8 0.631466
1 0.493201
2 0.592048
5 0.909667
8 0.675329
2 0.809034
5 0.724020
9 0.412402
0 0.615283
3 0.538243
5 1.260997
6 0.560267
7 0.656583
3 0.835302
0 0.905169
9 0.774824
4 0.537850
6 0.748763
3 0.626416
0 0.671987
7 0.885725
5 0.750028
4 0.723619
1 0.492100
9 0.622999
3 0.564553
5 0.756932
6 0.589129
2 0.618743
0 1.469500
4 0.587581
5 0.617228
7 0.580224
9 0.615207
3 0.530106
6 0.757002
5 0.589282
4 0.706899
1 0.888560
8 0.609003
3 0.537122
5 0.804033
