2 0.866585
3 0.736359
5 0.651381
8 0.446232
0 0.486502
4 0.446786
3 0.470981
1 0.548633
8 0.530198
5 0.573033
6 0.479937
4 0.600171
9 0.440541
3 0.592621
2 0.510398
0 0.555742
5 0.924125
4 0.468551
2 0.585872
7 0.591700
8 0.725359
9 0.501623
3 0.664545
4 0.494204
5 0.505117
1 0.950479
9 0.572381
3 0.551343
4 0.852971
5 1.183806
1 0.901699
3 0.608847
4 0.793192
6 0.670832
8 0.564368
1 0.476613
4 0.548892
5 0.706361
6 0.776136
8 0.627038
2 1.128649
3 0.513258
5 0.470355
6 0.604345
9 0.420649
1 0.655464
3 0.474410
4 1.207799
5 0.496520
0 0.443420
9 0.627567
8 0.649238
6 0.604159
4 0.532398
3 0.807283
2 0.439786
1 0.727901
0 0.504333
9 0.581924
6 0.656826
4 0.603663
5 0.572099
3 0.670899
2 0.540604
1 0.575544
9 0.634519
8 0.615998
7 0.602956
3 0.555139
4 0.648838
5 0.457172
1 0.412078
0 0.479018
2 0.927104
3 0.855540
4 0.930529
5 0.605658
6 0.493921
9 0.576836
2 0.419541
3 0.790549
4 0.516348
6 0.556645
1 0.644806
0 0.549088
9 0.682600
4 0.562963
5 0.523309
6 0.571332
8 0.782387
2 0.697369
3 0.468439
4 1.697824
5 0.677266
1 0.477542
0 0.797773
9 0.806116
6 0.750522
3 0.588209
4 0.481841
