2 0.866971
4 0.504759
5 0.542320
7 0.489339
9 0.476195
0 0.436420
8 0.524639
3 0.516941
1 0.549140
5 0.666668
6 0.480314
3 0.448645
7 0.568765
1 0.449023
0 0.585327
4 0.462919
2 0.411164
8 0.439312
3 0.719637
9 0.527862
7 0.656036
1 0.514998
4 0.400653
2 0.480863
6 0.609113
7 0.609358
3 0.468309
0 0.433908
5 0.455496
8 0.570440
9 0.621224
4 0.456322
3 0.587184
1 0.464814
2 0.494304
0 0.441250
7 0.657520
4 0.604533
6 0.668626
2 0.514300
3 0.527810
0 0.503984
9 0.709613
7 0.811321
1 0.454485
2 0.665202
4 0.622775
5 0.492461
9 0.455498
7 0.634303
3 0.527924
6 0.568144
1 0.520430
8 0.520769
3 0.496869
4 0.587740
1 0.665375
0 0.567131
9 0.511408
6 0.540982
8 0.535906
2 0.434870
7 0.512442
9 0.725923
3 0.486193
1 0.462456
2 0.601290
0 0.681630
9 0.649912
8 0.620872
7 0.751776
6 0.661456
4 0.504513
3 0.494068
1 0.544941
2 0.502459
8 0.652164
7 0.719033
6 0.591360
9 0.764881
4 1.837109
0 0.605978
1 0.574232
5 0.553329
6 0.534748
3 0.649618
2 0.499812
4 0.527603
7 0.479880
8 0.536075
9 0.530641
0 0.565946
1 0.446158
3 0.518397
4 0.598646
6 0.510891
5 0.476535
7 0.612761
8 0.527700
9 0.455904
