1 0.626803
3 0.504410
4 0.661900
6 0.440963
9 0.681095
8 0.513485
0 0.606941
4 0.575248
1 0.706232
7 0.543816
3 0.453381
4 0.752292
6 0.534002
9 0.512827
8 0.614507
0 0.553445
1 0.518982
2 0.671279
3 0.596984
4 0.509190
5 0.674795
6 0.480475
7 0.600650
9 0.536756
0 0.443666
8 0.987955
6 0.689789
5 0.820680
2 0.495864
1 0.418677
0 0.549577
7 0.491161
8 0.758029
9 0.758336
3 0.438741
2 0.574966
1 0.577895
0 0.636851
3 1.060959
4 0.664119
5 0.485829
6 0.662138
7 0.489063
0 0.489300
1 0.644206
8 0.964420
9 0.516889
4 0.501066
3 0.552015
6 0.493595
7 0.552503
8 0.518127
0 0.654338
1 0.449401
2 0.556253
3 0.580468
4 0.543498
5 0.541026
6 0.519975
7 0.608104
8 0.472534
0 0.589988
2 0.475535
4 0.545200
6 0.486871
8 0.598986
0 1.287077
1 1.183688
2 1.469431
3 0.475536
0 0.993008
8 0.606708
6 0.663107
4 0.684672
3 0.637014
1 0.677335
0 0.533652
5 0.584564
6 0.702164
7 0.561093
8 0.497298
9 0.476281
0 0.460442
1 0.551417
2 0.468910
3 0.570531
4 0.501472
5 1.080340
6 0.530842
7 0.646466
8 0.550787
9 0.444214
4 0.700431
2 0.703687
0 0.743281
8 0.764886
5 0.560099
3 0.672502
1 0.654310
0 0.593383
