5 1.092275
0 0.743648
4 0.869114
1 0.762956
2 0.835308
7 0.609031
6 0.881216
8 0.761636
3 0.865941
4 0.879605
5 1.415826
6 1.427166
9 1.504948
0 0.743002
3 0.740687
8 0.575640
5 1.162645
1 0.619100
4 0.606139
2 1.150338
6 0.660126
0 0.607075
8 0.871231
5 0.861003
7 0.719999
9 0.608356
3 0.528655
1 0.616780
5 0.563730
4 1.515973
6 0.764684
0 0.573068
9 0.887893
8 0.904228
7 1.213891
4 0.728676
1 0.604081
2 0.724522
3 0.772693
4 0.791777
5 0.789432
7 0.834934
6 0.608795
0 0.545104
8 0.646587
9 0.774976
1 0.737814
2 0.644938
3 0.685291
5 0.877608
6 0.629923
8 0.723541
9 0.643707
3 0.716127
4 0.652397
0 0.463498
5 0.460966
1 0.719902
6 0.416262
9 0.547067
2 0.632610
5 0.710296
0 0.555811
6 0.524178
3 0.780387
4 0.799462
8 0.655818
0 0.706779
2 0.728286
1 0.920684
4 0.897020
5 2.195796
7 1.516677
9 0.581452
3 0.480393
0 0.608702
4 0.408942
5 0.553136
6 0.502744
7 0.572274
5 0.767187
4 0.687632
1 0.823886
2 0.661549
8 0.560561
9 1.056673
0 0.651738
4 0.670858
5 0.620565
7 0.639368
2 0.711657
6 0.629337
3 0.618951
0 0.517862
1 0.558271
5 0.526414
7 0.478684
9 0.686853
4 0.767272
5 0.719608
