3 0.811673
0 0.798806
6 0.703128
4 0.828732
1 0.682455
9 0.674767
7 0.768389
5 0.896708
3 0.747733
0 0.625382
8 0.839005
0 0.671364
4 0.677017
5 0.789350
8 0.882890
9 0.723447
2 0.587609
5 0.561293
7 0.801568
3 0.625884
5 1.223375
0 0.629373
1 0.706968
4 0.992550
6 0.878236
7 2.118442
1 0.647447
2 0.663784
3 0.837378
5 1.037702
0 0.366488
1 0.662374
8 0.755787
6 0.956340
9 0.676741
2 0.565092
6 0.605246
0 0.533640
2 0.544600
5 0.494144
2 0.768870
4 0.961288
0 0.729807
8 0.780690
6 0.759626
7 0.999933
0 0.832958
2 0.518180
3 0.710263
7 0.652090
9 0.654995
5 0.657932
4 0.772995
0 0.615904
1 0.570862
3 0.637848
6 0.742085
0 0.593114
1 0.622600
3 0.644290
5 0.636617
7 0.820865
8 0.743961
3 0.565550
5 0.669748
7 0.691301
0 0.766445
1 0.654816
5 0.537687
6 0.844575
2 0.500961
4 1.023818
2 0.733699
0 0.736613
8 0.627562
7 0.761179
5 0.697577
2 0.732492
1 0.735522
5 0.970548
4 1.037574
3 0.861962
0 0.736939
9 0.587874
7 0.753544
6 1.071135
5 0.908984
3 0.666815
0 0.920345
7 1.448695
6 0.809232
0 0.612384
2 0.655176
4 0.642240
5 0.746430
7 0.784185
8 0.653993
0 0.696786
1 0.763709
5 1.156027
