1 0.793744
5 0.463465
7 0.692993
2 0.359921
8 0.944259
0 0.525959
4 0.518228
7 0.630418
2 0.524094
3 0.684233
6 0.980540
1 0.607607
9 0.559937
3 0.488052
4 0.824366
8 0.526194
7 0.606327
2 0.462678
5 0.532202
9 0.663196
3 0.572718
0 0.775712
4 0.594617
7 0.552295
6 0.765833
1 0.454233
3 0.737088
9 0.492081
8 0.606997
5 0.663318
2 0.684953
4 0.637168
7 0.517563
1 0.557794
0 0.558066
3 0.598257
8 0.598537
7 0.638836
6 0.631169
2 0.452944
0 0.559640
9 0.663848
4 0.597521
5 0.517813
7 0.662057
2 0.473119
8 0.702540
1 0.612260
5 0.383193
6 0.508760
9 0.666353
2 0.519928
3 0.496104
4 0.795074
8 0.464857
0 0.574417
1 0.713221
5 0.470900
7 0.500525
4 0.615365
9 0.522313
8 0.706515
2 0.432261
3 0.661740
7 0.536723
0 0.603624
5 0.387941
1 0.761516
7 0.617749
8 0.572778
2 0.647715
4 0.647929
7 0.512356
0 0.445869
1 0.566053
5 0.430438
8 0.555891
2 0.772094
3 0.599113
6 0.615501
0 0.530383
4 0.437301
1 0.541507
7 0.704523
8 0.574184
1 0.489130
3 0.553241
2 0.798851
6 0.559226
9 0.607497
0 0.591742
5 0.605360
4 0.685617
9 0.461969
7 0.576867
8 0.571609
5 0.566658
1 0.590941
4 0.468622
2 0.514063
