3 0.964501
2 0.493050
0 0.591913
8 0.557565
4 0.517779
2 0.509989
0 0.603575
9 0.571721
5 0.422829
2 0.508398
8 0.457911
3 0.548897
1 0.490430
7 0.445425
3 0.293623
0 0.392370
7 0.446008
3 0.598184
2 0.486380
0 0.782697
6 0.500390
2 0.423295
9 0.500797
5 0.575636
1 0.650706
3 0.677622
7 1.253770
1 0.537010
6 0.796042
3 0.668360
9 0.473944
1 0.703492
6 0.405183
4 0.909321
8 0.459044
2 0.374063
9 0.536844
7 0.475670
4 0.545336
2 0.398978
0 0.479173
7 0.447498
3 0.575629
5 0.650567
9 0.749369
1 0.483123
2 0.563356
7 0.971417
6 0.574712
3 0.833644
1 0.455270
9 0.546252
5 0.479875
3 0.440069
1 0.512344
0 0.485931
4 0.470157
6 0.435543
7 0.809191
1 1.452004
8 0.415510
1 0.586320
2 0.503963
3 0.485585
9 0.389782
4 0.427342
3 0.992739
2 0.486109
0 0.526825
8 0.607012
5 0.463335
4 0.620864
2 0.527819
0 0.392023
8 0.597625
5 0.397981
2 0.574094
4 0.601063
6 0.617366
7 0.628317
2 0.753962
1 0.463453
0 0.613095
9 0.471999
8 0.525606
7 0.605917
6 0.470259
4 0.515643
3 0.489401
2 0.580234
1 0.511102
0 0.476844
4 1.052853
5 0.543948
7 0.629688
8 0.531221
2 0.486212
9 0.478462
2 0.526726
3 0.438934
