2 2.346255
1 0.672818
3 0.558472
4 0.678648
5 0.639051
6 0.607248
7 0.679598
8 0.703914
9 0.653486
0 0.600551
1 0.664698
2 0.630424
3 0.659975
4 0.655017
1 0.641918
0 0.578344
9 0.533247
8 0.583982
7 0.589655
6 0.659258
5 0.566092
4 0.606523
3 0.630763
2 0.628434
1 0.618087
0 0.653010
9 0.559958
8 0.560126
7 0.608500
6 0.672835
5 0.598366
4 0.598658
3 0.694994
2 0.865765
1 0.615565
0 0.578548
9 0.589593
8 0.482929
7 0.547409
6 0.547339
5 0.577215
4 0.692034
3 0.567088
2 0.743206
1 0.637013
0 0.653273
9 1.112175
8 0.614036
7 0.593023
6 0.566632
5 0.534928
4 0.489777
3 0.516718
2 0.580942
1 0.631952
0 0.485442
9 0.421768
8 0.472675
7 0.494235
6 0.505086
5 0.534867
4 0.553574
3 0.615108
2 0.578084
1 0.581021
0 0.464061
9 0.477601
8 0.421714
7 0.536611
6 0.515594
5 0.529101
4 0.572033
3 0.542983
2 0.564633
1 0.493079
0 0.439753
9 0.431853
8 0.477565
7 0.541785
1 0.528763
2 0.536909
3 0.579743
4 0.622843
5 0.652455
6 0.647423
7 0.663750
8 0.469393
9 0.618777
0 0.533812
1 0.448792
2 0.552979
3 0.470554
4 0.604219
5 0.660355
6 2.342999
7 0.485515
8 0.941675
9 0.448789
0 0.497085
1 0.459921
