2 2.083309
6 1.276264
9 0.652819
1 0.599817
4 0.655976
7 0.795038
9 0.568668
5 0.513057
2 0.646526
9 0.686755
7 0.743156
6 0.788818
3 0.810304
1 0.565430
9 0.749766
7 0.643414
9 0.739657
5 1.070623
4 0.860434
8 0.815375
6 0.738562
8 0.933398
2 2.312320
0 0.894672
4 0.649727
1 0.740733
2 0.735886
8 1.002598
6 1.226997
7 0.896880
9 1.179822
4 0.951080
3 2.308511
1 1.306855
5 0.920762
7 0.625244
6 1.302697
0 0.948513
8 0.938433
1 0.725357
3 0.693673
8 1.080647
6 1.329135
0 0.612286
8 0.959268
2 1.071701
9 0.853435
7 0.760531
3 0.744888
8 0.998380
2 0.822845
4 0.764493
5 0.748900
9 0.802587
0 0.970788
1 2.053663
2 0.881361
3 0.985817
8 1.063366
9 0.845184
6 0.677579
1 0.813911
2 0.784901
4 0.574551
5 0.801520
9 0.721906
8 0.810043
7 0.749161
1 1.330658
2 1.038038
6 0.838514
5 1.422576
4 1.460566
9 1.087841
8 1.080365
7 1.728599
2 0.820072
3 0.807078
1 0.903423
9 1.045119
8 1.461510
6 2.200601
8 3.193070
7 1.175987
3 0.715182
2 0.760844
1 3.928466
4 0.821150
5 0.744260
9 1.013792
0 1.112940
1 0.910704
3 1.956120
7 0.909092
8 1.242763
1 2.770996
4 1.374897
5 2.353886
8 0.912355
9 1.166114
