0 1.116125
8 0.820825
4 0.807818
1 0.528082
3 0.776408
8 0.579415
7 0.582365
6 0.649237
5 0.676281
1 0.404658
2 0.492879
0 0.551663
8 0.565306
7 0.621551
4 0.480451
1 0.632746
8 0.774343
9 0.761260
4 0.329661
0 0.460552
6 0.527420
3 0.567689
9 0.543913
2 0.549473
4 0.803053
8 0.587490
4 0.681007
0 0.665333
1 0.582973
6 0.756629
1 0.516978
5 0.765120
0 0.541481
3 0.560470
9 0.512662
6 0.558243
1 0.550547
4 0.652150
9 0.471063
2 0.660593
7 0.591660
9 0.637211
3 0.469510
6 0.610971
0 0.461950
4 0.664862
0 0.526593
6 0.518885
9 0.535073
1 0.705907
5 0.647583
0 0.607810
3 0.552075
8 0.453818
5 0.720594
1 0.488995
4 0.625196
9 0.366923
0 0.623035
6 0.476725
7 0.596768
2 0.437172
8 0.525401
3 0.477695
0 0.445835
6 0.742095
4 0.608991
0 0.473359
3 0.462973
9 0.548334
6 0.513930
1 0.351665
5 0.429278
9 0.450702
3 0.301723
7 0.560440
3 0.480702
8 0.496890
5 0.691870
0 0.478850
4 0.367058
1 0.551193
8 0.588824
6 0.650445
3 0.493400
9 0.560353
1 0.608526
5 0.448969
9 0.425205
0 0.702613
3 0.484346
5 0.532349
8 0.543427
6 0.469048
1 0.314731
4 0.440006
9 0.288366
0 0.592515
8 0.758105
7 0.718477
