3 0.852382
4 1.055465
7 0.794736
0 0.800346
5 0.856558
2 0.587621
8 0.713282
5 0.559000
1 0.503288
8 0.644802
4 0.557050
1 0.589344
7 0.618876
4 0.717914
7 1.182065
0 0.665394
1 0.703039
5 0.780638
2 0.607575
7 0.519922
1 0.800007
7 0.792428
0 0.502144
4 0.529037
7 0.633326
1 1.246885
6 0.679403
2 0.599690
4 0.599995
8 0.624225
0 0.733907
4 0.648870
7 0.505200
2 0.542700
4 0.676363
9 0.564622
1 0.612856
7 0.591799
5 0.925435
2 0.526018
9 0.694125
8 0.737104
0 0.476146
5 0.580260
1 0.503263
2 0.748766
7 0.562584
4 0.674676
2 0.544367
9 0.517972
7 0.558249
6 0.710549
1 0.860089
2 0.735101
7 0.530145
0 0.525202
9 0.559888
0 0.512235
5 1.133741
3 0.536991
6 0.755662
8 0.548211
2 0.465694
4 0.719393
5 0.751668
7 0.821265
0 0.672317
1 0.509966
6 0.523341
2 0.523678
5 0.604060
3 0.556374
8 0.508606
0 0.482202
7 0.601931
2 0.482696
5 0.674887
7 0.608475
9 0.448879
1 0.505131
4 0.438680
6 0.590809
8 0.452483
2 0.543288
5 0.452985
2 0.559775
5 0.592054
6 0.581744
0 0.320646
1 0.584800
4 1.190331
8 0.484292
9 0.572409
0 0.519477
3 0.631657
7 0.581292
8 0.568051
2 0.432494
5 0.469927
8 0.483504
