2 1.308016
3 0.985868
8 0.951555
0 0.581444
0 0.664192
5 0.757904
4 0.910136
3 0.915811
3 0.892375
8 0.655369
8 1.074245
0 0.951965
5 0.645801
4 0.918045
8 0.838544
1 0.574865
5 0.601774
0 0.818113
1 0.733031
5 0.600056
8 0.976249
3 0.579396
6 0.918332
6 0.846651
1 0.575060
2 0.977935
8 0.677089
0 0.597470
5 0.757574
3 0.701918
4 0.720979
4 0.825220
9 0.695114
7 0.633892
0 0.647475
4 0.823760
6 0.709544
8 0.683166
1 0.731266
4 0.702535
1 0.812060
4 0.663148
3 0.884683
2 0.981088
7 0.632184
9 0.853746
1 0.960794
5 0.809136
2 0.684268
5 0.620476
8 0.607434
7 0.719808
2 0.623998
5 0.621689
0 0.784580
8 0.582304
1 0.665177
4 0.550859
7 0.748392
0 0.722102
3 0.578463
6 0.797354
8 0.605553
9 0.670002
3 0.723485
6 0.748013
5 0.809588
4 0.796543
1 0.676902
0 0.701269
8 0.688273
6 0.736469
2 0.763333
7 0.603801
8 0.708225
9 0.713854
3 0.711447
5 0.605045
6 0.693223
7 0.664331
8 0.589999
2 0.475556
3 0.705110
4 0.606700
5 0.735028
0 0.825966
1 0.591790
8 0.709284
7 0.642941
2 0.563170
3 0.619385
5 0.662027
6 0.668034
9 0.569702
1 0.548498
5 0.642295
2 0.650565
3 0.677409
4 0.613809
7 0.776718
