6 0.771785
1 0.534943
8 0.649784
3 0.764693
0 0.773044
4 0.567627
7 0.824093
0 0.533939
3 0.960828
8 0.809249
1 0.532299
6 0.423222
0 0.388801
2 0.794415
4 0.903858
8 1.501481
7 1.184885
0 0.542853
2 0.660343
5 0.599281
9 0.511591
3 0.781079
6 0.624046
1 0.389806
2 0.677778
0 0.875469
6 0.969579
1 0.428548
8 0.690070
4 0.730369
0 0.645438
3 1.003223
5 0.803485
0 0.404060
7 0.484003
1 0.380478
2 0.671447
9 0.596970
7 0.693163
2 0.576147
3 0.571121
5 0.629952
0 1.027476
1 1.449335
9 1.164420
2 0.597122
3 0.565466
6 0.869581
1 0.499401
7 0.654251
0 0.625221
3 0.542798
8 0.388465
2 0.633855
5 0.623587
9 0.583710
1 0.669472
7 0.427158
3 0.504747
4 0.846126
9 0.470539
8 0.756062
1 0.508494
2 0.609988
3 0.604990
4 0.957261
1 0.533226
3 0.592585
4 0.950137
1 0.659787
9 0.598917
7 0.855147
5 1.090165
2 0.557289
6 0.469617
0 0.307202
7 0.656684
2 0.331524
3 0.574578
8 0.609461
9 0.708311
0 0.681944
2 0.458318
3 0.629108
4 0.754790
0 0.392564
1 0.742060
5 0.505048
6 0.766581
1 1.062798
2 0.484707
7 1.548707
9 0.698970
3 0.373815
6 0.432703
7 1.238032
1 0.422786
2 0.396332
3 0.572423
5 0.591403
