4 0.894513
9 0.945518
2 0.671378
5 0.668981
8 0.794717
2 1.408239
4 1.328731
9 0.673326
7 1.182863
3 0.700775
1 1.543607
8 1.175942
4 0.715536
0 0.905074
8 1.230660
2 1.756487
6 1.037253
5 1.285699
1 1.206149
3 1.390537
6 1.220439
9 0.831736
9 1.565325
5 1.077937
1 0.862350
7 1.089468
0 0.868500
1 1.090065
4 1.125216
6 1.005764
2 1.166109
9 1.150500
4 0.908522
7 1.090140
0 1.085043
6 0.661717
8 0.864677
3 1.198282
5 0.983151
1 2.068294
1 1.770371
7 0.925428
6 1.342269
0 1.044157
3 1.308520
5 0.978529
8 1.373467
2 1.176680
7 1.051874
3 1.007022
1 1.687101
6 0.831891
5 0.877552
9 0.910065
0 1.571646
4 0.903036
2 1.172648
8 1.199916
6 1.224345
2 0.934133
4 1.185258
8 1.350892
0 1.404797
1 1.013335
5 0.952571
2 1.342126
0 1.465377
5 1.679214
9 0.743868
7 1.453425
8 1.536825
1 1.259997
7 1.391203
6 1.581079
9 1.304123
9 0.982015
6 1.563838
2 0.891900
3 1.287611
0 1.186769
3 1.536402
9 0.931794
7 0.814768
5 1.777944
6 0.925126
1 1.173514
3 1.288679
0 1.153137
4 1.198908
9 0.831348
8 1.061146
1 0.808275
2 1.552408
4 1.694364
6 1.057752
3 2.068718
5 1.138776
7 1.038097
9 1.094458
6 1.233546
