2 0.928798
1 0.641184
9 0.521499
7 0.625699
5 0.431392
4 0.444943
3 0.781099
1 0.512196
0 0.453651
6 0.600602
7 0.528877
9 0.593150
5 0.534778
4 0.569717
3 0.676591
7 0.796848
2 0.677167
1 0.597458
6 0.429860
5 0.643302
4 0.539511
0 0.366567
9 0.638711
7 0.527163
8 0.639298
2 0.415638
3 0.498465
4 0.525403
5 0.661604
6 0.544571
0 0.382195
1 0.641048
4 0.585403
5 0.542920
6 0.452506
9 0.711468
7 0.597094
3 0.477365
2 0.597636
1 0.821834
5 0.424874
6 0.566350
8 0.598655
3 0.799020
4 0.727418
9 1.023470
1 0.629448
3 0.451064
4 0.901865
5 0.560976
6 0.537221
7 0.492148
8 0.567127
1 0.551376
4 0.644872
5 0.908968
6 0.498850
0 0.461806
3 0.520739
4 0.848856
9 0.449375
8 0.668221
7 0.473908
2 0.239419
1 0.479549
6 0.407826
5 0.480026
0 0.344357
1 0.605736
4 0.614174
5 0.697066
3 0.595921
2 0.756173
9 0.420647
8 0.599418
7 0.527801
6 0.495929
1 0.266966
2 0.592371
0 0.486025
5 1.038149
4 0.486623
3 2.918402
2 0.551999
9 0.461587
8 0.544401
1 0.381999
7 1.128724
6 0.577270
4 0.436232
0 0.516476
5 0.492753
9 0.423623
3 0.381277
4 1.359890
5 0.504719
1 0.278209
0 0.478298
6 0.654582
7 0.513507
