2 0.703082
7 0.612809
2 0.575670
9 0.546749
4 0.728240
8 0.760502
9 1.224808
0 0.566660
3 0.590953
7 0.764535
6 1.124823
1 0.605472
3 0.605696
8 0.757912
2 0.534289
5 0.577168
4 0.627836
6 0.617673
4 0.908577
3 0.778341
8 0.493445
3 0.856322
1 0.555261
2 0.696782
9 0.587837
0 0.553457
7 0.566978
5 0.663287
4 0.724952
8 0.893297
6 0.720212
2 0.632575
0 0.582275
8 0.465219
6 0.558727
7 0.559037
0 0.647187
3 0.455677
7 0.690460
4 0.573476
1 0.976308
9 0.523401
6 0.595665
5 0.513274
2 0.670782
4 0.636510
7 0.972694
8 0.551909
1 0.805421
3 0.501833
5 0.624664
4 0.838222
6 0.782593
7 0.964231
8 0.740730
0 0.679749
2 0.543955
4 0.613685
5 0.696549
7 0.515304
9 0.529142
1 0.492076
3 0.478939
5 0.647214
4 0.695529
6 0.666441
7 0.815932
8 0.643050
1 0.691347
2 0.598354
3 0.638638
6 0.694918
7 0.625961
2 0.559532
1 0.655739
9 0.498735
4 0.805601
7 0.582013
8 0.608932
0 0.577175
3 0.524061
5 0.548349
2 0.673869
4 0.695671
6 0.610638
8 0.589593
7 0.547089
2 0.464745
1 0.622310
9 0.609174
7 0.564159
3 0.580337
4 0.575393
5 0.746246
6 1.207871
7 0.544480
2 0.797984
3 0.782352
8 0.612060
1 0.798903
