1 0.835018
2 0.744564
8 0.550464
6 0.571801
3 0.758906
0 0.655204
8 0.482356
5 0.826490
4 0.608050
1 0.496538
7 0.643411
3 0.523549
9 0.571817
6 0.510871
2 0.428505
1 0.658005
9 0.628805
5 0.802480
3 0.602980
1 0.627254
8 0.720762
2 0.577107
7 0.756153
3 0.444362
4 0.652535
9 0.407573
5 0.607746
1 0.407985
2 0.560223
6 0.360581
7 0.600649
3 0.401049
8 0.673276
1 0.758808
5 0.519183
9 0.367397
4 0.295649
2 0.466395
7 0.560004
2 0.552190
1 0.549918
6 0.443514
8 0.467614
3 0.321338
4 0.697408
9 0.436492
2 0.604613
7 0.429029
8 0.506473
3 0.287992
2 0.584247
6 0.397824
0 0.366131
4 0.390160
2 0.571764
7 0.526704
8 0.678954
3 0.351148
1 0.484731
7 0.724977
8 0.661047
3 0.352226
5 0.677920
1 0.334195
9 0.672934
4 0.382641
2 0.668150
6 1.033769
8 0.583430
3 0.381138
1 0.503932
0 0.613632
7 0.720509
2 0.768785
9 0.465174
3 0.574588
4 0.601627
1 0.329922
5 0.548881
7 0.554500
8 0.871889
3 0.325662
2 0.509896
0 0.475570
5 0.400824
6 0.577156
1 0.380072
2 0.646980
9 0.455250
4 0.498204
8 0.549170
3 0.818637
9 0.365796
2 0.654059
7 0.712702
5 0.470560
1 0.444143
3 0.580289
0 1.343182
7 0.749047
