2 1.266764
0 0.624952
6 0.582757
8 0.556255
4 0.644458
0 0.588676
9 0.482363
4 0.514587
2 0.559849
6 0.504520
8 0.629098
4 0.731609
1 0.854644
9 0.873602
6 0.823243
5 0.510119
1 0.637168
9 0.453614
7 0.616429
4 0.435239
1 0.611465
9 0.897137
6 0.772451
3 0.391278
1 0.724862
9 0.509247
6 0.506840
4 0.512421
1 0.341935
8 0.664783
3 0.342400
6 0.627756
7 0.601543
9 0.513738
4 0.599467
0 0.503668
3 0.557277
6 0.621443
8 0.608578
9 0.680693
4 0.665148
3 0.574658
0 0.337615
5 0.412589
6 0.511336
8 0.573032
9 0.543863
3 0.397485
2 0.557474
6 0.517950
1 0.518311
4 0.542484
5 1.113237
0 0.591239
1 0.876795
4 0.541253
7 0.488093
3 0.600386
1 0.552626
9 0.430198
5 0.579703
3 0.422679
0 0.588251
6 0.577779
8 0.524697
3 0.493079
1 0.456022
9 0.602804
5 0.371154
2 0.702068
4 0.560943
7 0.545233
1 0.694656
6 0.721763
0 0.857967
3 0.669213
5 0.714790
1 0.864357
9 0.606021
3 1.062379
8 0.676199
6 0.492487
1 0.583350
4 0.540949
0 0.583896
5 0.381509
2 1.448149
6 0.840874
1 0.457235
8 0.500178
4 0.775040
1 0.849996
7 0.429112
3 0.506452
1 0.808236
9 0.376634
5 0.395473
7 0.584969
2 0.758516
3 0.582825
