3 0.607477
4 0.583819
0 1.053371
9 0.520469
8 0.576824
2 0.419598
3 0.446571
4 0.470888
5 0.460375
6 0.551191
7 0.500850
1 0.567687
2 0.423988
3 0.509528
0 0.443263
9 0.603324
8 0.459588
7 0.422586
6 0.492077
5 0.678954
2 0.399408
3 0.479504
1 0.567782
0 0.687883
9 0.584324
8 0.478010
7 0.574212
6 1.296926
3 0.516231
2 0.460582
1 0.527409
0 0.463746
9 0.525236
8 0.485583
7 0.621719
6 0.600583
5 0.456968
4 0.683776
3 0.652027
2 0.455194
1 0.753932
0 0.535709
9 0.506612
7 0.600034
6 0.640435
5 0.632722
3 0.430354
2 0.563686
1 0.644148
0 0.596411
9 0.564758
8 0.452998
7 0.503918
6 0.685502
5 0.501849
4 0.728679
3 0.504965
2 0.846533
1 0.654994
0 0.481883
9 0.458171
8 0.597076
7 0.461332
6 0.536254
2 0.475005
3 0.560621
1 0.512962
0 0.478609
9 0.486747
8 0.590942
7 0.540617
6 0.559473
5 0.631864
1 0.461529
2 0.504244
3 0.605992
4 0.502184
5 0.872912
6 0.534725
9 0.721656
0 0.546010
1 0.495576
2 0.410464
8 0.629415
7 0.451030
3 0.429891
4 0.499413
5 0.430439
6 0.507851
9 0.713347
0 0.479133
1 0.519253
2 0.431694
3 0.533125
4 0.704032
5 0.469734
6 0.587243
7 0.624938
8 0.486508
9 0.934691
