2 0.802963
1 0.547261
9 0.416885
7 0.555602
6 0.593408
5 0.494989
4 0.457847
1 0.404806
0 0.540893
9 0.535871
8 0.594764
3 0.392412
4 0.701908
5 0.568871
6 0.529186
7 0.516081
2 0.340369
1 0.559171
3 0.583510
4 1.364868
5 0.533521
9 0.472608
1 0.502032
8 0.377111
7 0.595831
6 0.516129
2 0.300509
3 0.631248
0 0.444826
5 0.397149
9 0.429288
8 0.602817
7 0.771024
2 0.486153
1 0.550338
6 0.315885
4 0.979998
0 0.551289
9 0.524748
5 0.357053
6 0.517179
2 0.461480
3 0.608301
7 0.536673
8 0.595550
1 0.521156
4 0.449412
5 0.564346
0 0.324655
6 0.452855
9 0.535603
4 0.458601
3 0.581455
2 0.928418
1 0.512778
7 0.470351
8 0.603800
0 0.700212
4 0.455266
5 0.522116
6 0.538433
1 0.381251
2 0.855963
3 0.571158
9 0.462084
4 0.553038
5 0.718499
1 0.374895
8 0.537758
7 0.652688
2 0.367724
3 0.831730
6 0.469482
1 0.475061
0 0.624595
5 0.342382
3 0.769146
2 1.179963
8 0.415281
9 0.754048
4 0.511772
5 0.653344
6 0.760246
7 0.632672
1 0.462256
3 0.584631
4 0.854723
0 0.641743
9 0.722161
8 0.554434
5 0.471997
2 0.533522
1 0.536456
6 0.475307
7 0.720981
4 1.225185
5 0.607101
1 0.279465
0 0.607535
9 0.623806
