2 0.865583
3 0.943198
7 0.828949
1 0.642733
5 0.858877
9 0.758021
4 0.670370
8 0.707706
2 0.745573
7 0.719239
3 0.559649
0 0.775752
5 0.618745
9 0.773729
6 0.648816
1 0.681046
4 0.697377
8 0.588221
2 0.601909
7 0.674231
3 0.607918
0 0.704057
5 0.725757
2 0.790113
7 0.451853
1 0.806675
3 0.886963
8 1.055346
4 0.802421
9 0.666807
5 0.712433
8 0.694040
2 0.705052
6 0.590729
3 0.732284
0 0.655308
7 0.602218
1 0.642569
8 0.786728
4 0.720446
9 0.696814
3 0.523613
6 0.724011
1 0.532347
0 0.623269
5 0.556845
2 0.597200
7 0.453384
3 0.520375
9 0.416519
4 0.515244
1 0.729089
5 0.401382
8 0.569554
3 0.524552
6 0.644643
0 0.397072
4 0.421231
1 0.680027
7 0.544372
8 0.717988
6 0.654305
2 0.417404
4 0.556251
0 0.844336
5 0.444876
1 0.653084
9 0.487994
2 0.704227
4 0.861875
8 0.624796
6 0.846476
1 0.510864
5 0.500321
9 0.511402
4 0.676868
7 0.525253
2 0.509470
8 0.531123
3 0.485979
0 0.734267
4 0.465216
8 0.542761
2 0.452412
6 0.671062
1 0.508925
7 0.490531
1 0.541449
5 0.536256
0 0.427321
7 0.536783
2 0.587492
8 0.569306
3 0.332247
7 0.679006
3 0.391361
9 0.724852
4 0.421250
0 0.424199
5 0.445655
