2 0.954930
0 0.408720
9 0.520956
6 0.497140
4 0.315988
1 0.492119
9 0.455085
6 0.457883
3 0.396861
0 0.317147
5 0.493240
9 0.416110
3 0.571121
7 0.613894
1 0.345026
5 0.446535
8 0.510686
4 0.316280
1 0.452543
9 0.511397
5 0.660901
1 0.463960
4 0.325493
7 0.461754
9 0.432548
4 0.510052
0 0.411593
6 0.382144
7 0.545413
2 0.535034
4 0.385937
8 0.391514
9 0.557042
5 0.837188
2 0.333701
0 0.376499
6 0.851267
4 0.478344
1 0.494624
9 0.417507
7 0.484340
5 0.580616
2 0.399575
7 0.423880
9 0.669195
4 0.378960
1 0.349917
7 0.699273
0 0.558362
3 0.582523
4 0.460231
9 0.399092
6 0.375296
2 0.426260
0 0.383721
4 0.325332
7 0.461505
1 0.424458
5 0.293890
8 0.472729
1 0.438312
5 0.302557
9 0.713356
4 0.383026
2 0.444557
8 0.324899
3 0.364917
7 0.397151
0 0.333474
4 0.408282
1 0.392531
9 0.486002
6 0.646215
4 0.590493
2 0.748064
9 0.505798
7 0.759308
4 0.567629
1 0.488026
9 0.272135
7 0.453599
2 0.688503
5 0.432881
8 0.446463
0 0.822642
4 0.452366
6 0.671206
9 0.700780
3 0.503865
1 0.589354
7 0.562921
9 0.531251
3 0.814034
0 0.385264
6 0.310847
2 1.204149
8 0.340846
5 0.407601
1 0.455764
9 0.458691
