9 0.537518
7 0.756429
3 0.460871
6 3.343200
3 0.598292
9 1.030450
7 0.644240
2 0.388512
7 0.610114
2 0.461027
8 0.488000
3 0.536049
8 0.507034
7 1.192557
2 0.630473
7 0.764016
3 0.652373
0 0.567336
6 1.623303
8 2.125249
7 0.790234
2 0.556001
8 1.100242
3 0.623348
8 0.644981
4 0.477248
9 0.501483
7 1.096369
2 0.459400
7 0.518459
2 0.630735
6 0.668225
1 0.473904
7 0.631555
2 2.140795
7 0.472585
4 0.622085
9 0.425029
8 2.758242
6 0.911579
1 0.461367
6 0.616064
9 0.563065
4 0.419360
8 1.701918
7 1.636125
2 0.428907
7 0.738359
4 0.885432
9 0.525819
6 0.750030
1 0.515599
7 0.513271
2 0.838724
8 0.607205
3 0.855386
8 0.498525
4 1.005347
9 0.741824
7 0.720888
2 2.544812
7 1.111319
6 0.613135
9 4.767267
9 2.036179
9 0.989147
4 0.586851
1 0.616512
7 0.435352
2 0.688979
7 0.761339
8 0.617634
7 3.723989
8 0.493913
0 0.888791
5 0.553237
1 0.438796
7 0.511067
9 0.524680
3 1.500674
8 0.527947
9 1.480243
7 0.664924
2 0.766474
6 0.598879
8 0.807016
7 4.814684
9 3.827215
6 1.330252
8 4.204975
7 4.142550
9 1.013788
6 0.624829
9 1.102519
7 0.644413
2 0.596674
6 0.516925
1 1.860985
8 2.784224
9 3.702273
