4 2.589905
0 1.484394
7 1.684801
8 0.973607
2 2.136518
5 1.859988
0 1.887368
0 1.119970
6 0.800815
7 1.202478
9 1.699913
8 1.103465
4 1.397200
2 1.589666
5 1.459606
9 0.958940
6 1.655298
1 1.658387
4 1.165870
8 1.022390
5 1.260123
9 1.687115
2 1.111920
8 0.805744
6 1.054064
0 0.977122
1 1.180105
4 1.711227
9 1.133321
6 0.816498
7 1.259364
5 1.118546
6 1.102975
1 0.676766
3 1.045077
9 0.797564
6 1.550007
4 1.075753
0 1.004164
5 1.364702
9 1.245072
2 0.925586
3 1.213946
9 1.417106
7 1.188251
8 0.882122
5 1.082611
1 0.891036
4 1.493946
6 1.353221
9 0.767050
0 1.111401
6 1.301195
4 1.048442
1 1.280641
8 2.073106
9 1.263332
3 1.053165
6 1.120330
8 0.928919
4 1.371683
1 1.271081
0 0.996789
7 0.789284
9 0.842968
4 1.499246
2 1.398359
6 1.246914
1 1.215540
4 1.178597
2 1.533748
8 0.665193
3 0.678729
7 1.238987
0 0.751413
5 0.949101
6 1.170995
9 1.141976
8 1.497004
3 0.724234
0 1.212686
4 0.975859
8 1.034917
0 3.184224
4 0.999027
9 0.775485
2 1.762274
6 0.979122
7 1.254209
4 1.617359
9 0.700658
5 0.991697
1 1.117260
9 1.221797
6 0.936956
3 1.075899
9 1.868358
4 1.210411
2 1.229495
5 1.259283
