2 1.010777
2 1.373668
9 0.617008
8 0.691911
6 0.559037
5 0.503334
4 0.628903
2 0.762448
1 0.698842
9 0.837681
8 0.734174
5 0.641171
4 0.633334
2 0.710948
1 0.684628
8 0.781039
7 0.831992
6 0.989532
5 0.747378
4 0.584425
3 0.630626
0 0.796220
9 0.580661
8 0.647517
7 0.879778
2 0.688145
3 0.672559
8 0.582092
7 0.481047
6 0.713301
4 0.478940
1 0.655164
0 0.570196
9 0.605107
2 0.461358
3 0.584243
4 0.853839
6 0.576870
7 0.515903
1 1.172023
2 1.223144
7 0.940941
6 0.480058
4 0.640142
0 0.856531
9 0.587717
7 0.641272
6 0.689536
4 0.500497
2 0.575384
1 0.530317
0 0.732873
9 0.480236
8 0.632482
1 0.438090
2 0.646326
3 0.734531
4 0.665551
5 0.743231
6 0.452937
7 0.559838
9 0.551996
1 0.517678
2 0.565830
4 0.989950
6 0.619957
7 0.614931
8 0.641771
0 0.546087
1 0.599579
3 0.479943
6 0.575995
8 0.531176
1 0.478091
3 0.574169
6 0.769244
7 0.644095
9 0.516490
1 0.444763
3 0.516957
5 0.685188
7 0.605506
8 0.813809
0 0.448826
2 0.576982
4 0.723752
5 0.572266
7 0.543266
2 0.508853
1 0.706377
0 0.511922
9 0.581638
8 0.664567
7 0.638175
3 0.510441
2 0.764056
8 0.692343
7 0.623161
4 0.589025
3 0.890432
