4 3.135635
1 2.051646
7 1.663090
3 1.269186
9 1.459032
2 2.758006
3 1.359216
8 1.191768
0 1.085596
1 1.493931
6 1.369193
4 1.028513
5 1.498055
8 1.293222
9 1.664546
1 1.510605
2 1.516425
5 1.540900
7 1.584217
9 1.318190
0 1.526595
1 1.151265
2 2.148941
7 1.427155
5 1.281073
4 1.305571
3 1.647335
8 1.064145
9 1.237800
0 1.350321
1 1.324118
2 1.836492
8 1.397264
9 1.182162
0 1.067638
6 1.169466
3 1.132680
7 1.119740
8 1.440055
2 1.000697
3 1.641020
9 0.993777
0 1.111500
1 1.717128
4 1.021926
3 1.144965
7 1.286649
8 1.143238
2 1.404989
1 1.813496
0 1.264964
9 1.062749
7 1.243837
4 0.877040
3 1.269450
5 1.067287
8 0.945025
0 0.878808
1 1.175060
9 0.914239
4 1.319892
3 1.344337
7 1.054344
2 0.985397
8 0.951177
3 0.772920
0 1.103836
5 1.141503
4 1.928560
6 1.140122
8 1.159210
0 1.023762
1 1.061405
2 1.104554
7 1.054397
3 0.969444
8 0.788568
9 1.090144
4 0.765346
5 0.981574
3 1.080673
7 0.929133
1 1.316041
2 1.252649
8 0.943785
0 1.157464
9 0.902037
5 1.025030
4 1.142819
3 1.084519
6 0.853085
7 1.039894
2 0.976456
8 0.795601
9 0.889170
0 0.916217
5 0.972660
3 1.007680
2 1.343947
1 1.309923
