1 2.337036
4 1.132790
5 1.015863
8 1.307034
0 1.008921
2 1.145145
9 1.031142
6 1.260699
1 1.103931
7 1.093708
3 1.056943
5 0.971965
1 1.102933
0 1.092833
8 0.863966
4 1.133658
6 0.944740
7 1.110391
2 1.468021
5 0.970101
9 0.781204
8 0.888246
6 0.928514
4 1.000839
2 0.921386
0 0.857751
1 0.820797
5 0.839838
9 0.904144
4 0.813811
3 0.880786
7 0.761296
6 0.649615
2 0.852481
0 0.791571
3 0.909273
7 0.930829
9 1.061999
1 1.217072
4 0.916252
6 1.012398
8 1.183638
0 0.941477
5 0.752470
6 0.990196
1 0.772022
2 0.766947
7 0.783280
9 1.028996
4 0.690661
3 0.685685
8 0.789965
7 2.155374
2 0.716412
4 0.876597
9 0.789107
0 0.898727
5 0.701871
6 0.768813
1 0.753168
2 0.758821
7 0.727148
8 0.871463
3 0.805135
4 0.837513
7 1.333704
1 0.665075
0 1.078632
1 0.863002
2 0.580720
5 0.751703
6 0.685447
7 0.685713
9 1.133918
7 0.817047
5 0.628072
2 0.681737
7 0.834064
9 0.615636
3 0.698649
2 0.709650
2 0.827243
0 0.681054
7 0.641231
4 0.713530
1 0.687286
9 0.751540
6 0.797145
3 0.757406
5 0.709885
7 0.683515
6 0.867789
8 0.585558
7 0.727027
7 0.799390
0 1.183627
1 0.565529
3 0.661847
4 0.872750
5 0.734491
