1 0.879827
8 0.672305
0 0.589804
2 0.531292
3 0.526392
4 0.446623
6 0.518806
8 0.551153
0 0.460725
2 0.479656
1 0.471856
9 1.349201
7 0.483282
3 0.723249
4 0.467863
6 0.585430
8 0.591044
1 0.444572
3 0.444898
5 0.493115
7 0.567937
9 0.472185
1 0.429856
2 0.467357
3 0.384952
4 0.590476
8 0.635910
0 1.020314
1 0.951338
7 0.877026
4 0.541467
3 0.816415
1 1.907227
8 0.681409
5 0.673748
3 0.559448
2 0.623645
7 0.557292
5 0.781604
0 0.528535
8 0.680871
1 0.521096
3 0.801265
5 1.185545
7 0.567535
9 0.599743
2 0.512065
3 0.677663
4 0.461908
5 0.488798
6 0.601103
0 0.801350
1 0.505716
8 0.543289
6 0.628720
7 0.570485
8 0.933392
1 0.328533
2 0.624681
3 0.430231
4 0.627681
8 0.721380
1 0.569694
9 0.548793
7 0.650197
4 0.581227
2 0.616059
9 0.683161
0 0.507331
5 0.920939
6 0.537427
8 0.452201
3 0.719234
1 0.751546
8 0.885084
4 0.405564
1 0.893631
9 0.728740
3 0.849135
5 1.012101
7 0.823064
1 1.172693
8 0.775998
4 1.338946
6 0.702108
0 0.369170
2 0.476110
4 0.884112
8 0.604531
1 0.564929
9 0.517267
6 0.605383
4 0.525743
2 0.662005
0 0.560843
8 0.577179
6 0.732111
3 0.511135
1 0.548715
9 0.594270
