2 1.668004
5 1.330060
3 1.685217
9 1.637829
8 1.542310
7 1.732254
1 0.831738
2 0.733459
8 1.256354
5 0.851519
4 0.750679
3 0.900183
0 0.711301
1 0.613051
6 0.703889
5 0.813610
1 0.672496
2 1.094144
8 1.161224
9 0.737829
7 0.692779
1 1.471636
2 0.773664
3 0.960634
5 0.928937
4 0.900063
9 0.911137
0 0.764825
8 0.741043
7 0.728085
6 1.112413
1 0.702299
2 0.769211
3 1.292134
8 0.919393
0 0.759800
9 0.728012
5 0.712288
4 0.742029
6 0.888998
7 0.788097
2 0.769790
1 1.220728
4 0.879921
9 0.776373
8 1.067194
3 0.873107
7 1.030654
1 0.804517
5 0.812859
4 1.087716
0 0.848246
9 0.848569
7 1.032939
6 1.622607
2 1.436665
1 1.317144
4 0.685790
5 0.734014
8 0.696981
9 0.827997
0 1.697282
1 1.596835
2 0.781533
3 1.560411
8 0.857199
7 1.036157
6 2.068401
5 1.106761
4 1.104494
3 1.270234
0 1.683860
1 0.740808
2 1.007699
9 0.959964
8 1.200500
7 1.232848
6 0.910701
5 1.572370
3 1.583571
2 1.917483
1 1.086334
0 1.054731
9 1.457811
4 1.453026
5 1.664192
6 1.198226
7 1.598751
8 1.943308
1 2.525125
2 1.574242
3 1.977452
4 2.132903
0 1.600437
1 0.793131
9 0.966797
6 1.119082
8 0.799593
7 0.855970
3 0.882995
