2 1.519847
4 0.712530
6 0.566208
8 0.566590
1 0.686727
4 0.615112
5 0.969932
8 0.621168
1 0.767942
4 0.624376
1 0.909807
6 0.763763
5 1.075902
9 0.596481
4 0.668764
5 0.650320
8 0.645400
4 1.285494
5 0.574112
7 0.704981
9 0.598664
3 0.662911
4 0.780548
5 0.591564
6 0.621171
0 0.760078
6 1.072428
4 0.790261
5 0.611689
7 0.606934
2 0.839016
0 0.703414
8 0.621116
5 0.464070
6 0.717604
8 0.709993
3 0.587642
4 0.881239
5 0.665620
8 0.639253
2 0.759438
5 0.887796
4 0.848220
1 1.072472
7 0.646161
8 0.622598
4 0.404250
1 0.876343
5 0.620721
8 0.863684
1 0.541484
9 0.720404
4 0.592590
5 0.782201
6 0.745300
1 0.894807
9 0.721997
6 0.578270
3 0.493196
5 0.720010
4 0.856416
9 0.947503
5 0.745151
1 0.854769
4 0.857853
9 0.740884
8 0.791842
5 0.949499
2 0.715273
9 0.864984
6 0.670613
4 0.612284
8 0.791078
1 0.732727
4 0.839794
7 0.608301
9 0.848437
9 1.120808
3 0.617229
4 0.628307
5 0.753743
7 0.871494
1 0.645255
5 1.077499
8 0.709985
2 0.771591
6 0.782606
3 0.732563
0 0.735176
1 0.762207
4 0.730543
5 0.997472
7 0.709882
8 0.611520
3 0.854569
4 0.793555
5 0.679212
1 1.383406
8 0.669392
5 0.611006
