4 0.910272
1 1.060064
6 0.791143
9 0.628749
0 0.946382
2 1.423956
8 0.965956
6 1.558229
0 1.414877
1 1.026133
4 0.671927
2 1.765443
7 0.910300
8 0.755751
6 1.428226
4 1.410115
2 0.989418
0 1.642938
8 1.235593
7 1.611882
6 1.223435
9 0.853214
4 1.144226
3 1.813959
4 0.769443
8 1.020369
7 1.023568
9 0.845194
6 1.117587
6 1.054069
3 0.649161
9 1.788059
4 0.826010
5 1.679708
0 0.800421
7 0.928772
2 0.681201
1 0.945662
8 0.943223
4 0.844915
3 1.045231
6 1.557523
9 0.566259
2 0.830614
7 0.788309
1 0.537964
4 1.492725
0 0.648010
5 0.608331
9 1.032691
9 1.126248
3 0.742640
6 1.140431
1 0.927622
3 1.567846
8 0.736556
7 1.099451
1 0.558662
3 1.142852
9 0.564805
8 0.861091
4 0.655864
1 0.515055
6 0.744712
0 0.614356
3 1.177098
6 0.956260
2 0.860653
7 0.815847
5 0.730736
8 1.613569
1 0.816987
0 1.051784
6 0.479242
3 0.831320
5 0.965007
1 0.637483
8 0.853687
4 0.520853
9 0.673030
7 0.798604
3 0.719002
0 1.383150
6 0.733064
1 1.199942
2 0.624538
8 0.830217
4 0.843583
0 1.004301
6 1.364572
9 0.645186
8 1.261376
2 1.808487
0 0.977335
5 0.860427
6 0.871343
7 0.941081
4 0.759580
9 0.760413
3 1.720656
