6 0.634166
4 0.679662
2 0.711905
1 0.869608
9 0.499376
7 0.622211
8 0.585215
3 0.526843
4 0.574969
5 0.530077
6 0.604831
1 0.669202
0 0.634935
9 0.584517
3 0.613935
4 0.544916
6 0.542622
7 0.620178
8 0.567100
2 0.551370
1 0.605030
3 0.509323
9 0.610877
8 0.597767
6 0.702044
4 1.032965
3 0.742822
2 0.668405
1 0.530189
0 0.524986
9 0.573314
5 0.664087
3 0.509840
2 0.627355
1 0.616963
5 0.571877
6 0.558941
7 0.599190
8 0.695342
9 0.458494
3 0.461369
4 0.456251
5 0.451191
0 0.446048
1 0.558179
2 0.454479
3 0.793378
7 0.734986
6 0.666036
5 0.607657
4 0.495893
0 0.626849
9 0.624502
8 0.438075
7 0.502399
6 0.585239
5 0.430832
4 0.644440
3 0.604660
2 0.493063
1 0.623820
0 0.525503
9 0.661658
8 0.600598
4 0.464945
3 0.718471
2 0.526897
1 0.551068
5 0.684653
6 0.684951
7 0.637338
8 0.653595
9 0.528563
0 0.456767
3 0.403529
4 0.459862
5 0.486785
6 0.630932
7 0.684688
8 0.588918
2 0.714594
3 0.448300
4 0.568458
5 0.448734
6 0.496897
7 0.515654
8 0.537472
9 0.500246
0 0.527277
1 0.999341
2 0.495881
3 0.594718
4 0.696406
5 0.395384
6 0.472957
7 0.550535
8 0.524126
9 0.596260
0 0.468637
1 0.650144
