9 1.762285
0 0.651092
1 1.437913
2 0.798681
3 0.606975
4 0.839199
5 0.615544
6 0.762560
7 0.794879
8 0.744568
9 0.774243
0 0.729255
1 0.508195
2 0.633843
3 0.583393
4 0.669001
5 0.578657
6 0.661675
7 0.696438
8 0.643620
9 0.643764
0 0.596103
1 0.540336
2 0.871140
3 0.613051
4 0.919869
5 0.608361
6 0.792553
7 0.718215
8 0.566625
9 0.606837
0 0.503066
1 0.492783
2 0.919224
3 0.623999
4 0.805505
5 0.597991
6 0.686216
7 0.678455
8 0.606878
9 0.623087
0 0.596759
1 0.877024
3 1.197303
4 0.613856
5 0.576784
6 0.611632
7 0.742618
8 0.716281
9 0.764559
0 0.780795
1 0.655850
2 1.114856
3 0.592759
4 1.022243
5 0.881341
6 0.681743
7 0.722003
8 0.546348
0 0.967857
1 0.960367
2 0.600685
3 0.721022
4 0.921336
5 0.833677
6 0.591453
7 0.621045
8 0.711878
9 0.477586
0 0.677797
1 0.694036
2 0.713153
3 0.798768
4 0.759103
5 0.783431
7 0.653102
8 0.823934
1 0.589838
2 0.939263
3 0.838279
4 0.934830
5 0.937805
2 0.740892
1 0.687916
0 0.864015
9 0.653867
0 0.536739
1 0.611810
2 0.686609
3 0.703063
4 0.676633
5 0.892888
7 1.991792
8 0.749990
9 0.843565
0 0.540047
1 0.846948
2 0.631398
3 0.685011
4 0.725314
