1 0.920916
5 0.609343
4 0.716345
7 0.676726
8 0.716931
2 0.693349
6 0.672344
9 0.541975
1 0.624870
2 0.670451
8 0.636014
6 0.748360
3 0.825957
2 0.751714
1 1.805177
0 0.709989
7 0.571714
8 1.398329
5 0.903064
4 0.716893
2 0.589205
7 0.530768
0 0.685593
4 0.486006
6 0.702215
9 0.481307
2 0.473518
5 0.606973
7 0.703378
9 1.060953
0 0.623925
0 0.669662
1 0.651345
2 0.782167
3 0.905255
4 1.254722
7 0.650052
8 0.741157
6 0.615932
6 0.562965
9 0.507197
1 0.608768
2 0.633103
7 0.686782
2 0.503064
3 0.644631
8 0.708804
3 0.794599
7 0.736225
5 0.755226
3 0.600911
2 0.673143
1 0.870668
5 0.532578
9 0.735388
4 0.890290
1 0.453443
4 0.776293
2 0.803268
8 0.587689
8 0.449267
7 0.628178
2 0.481760
3 1.145946
6 0.567884
1 0.975966
4 0.603173
6 0.715474
0 0.553055
9 0.982608
0 0.868241
3 0.466099
4 0.727715
5 1.063904
2 0.557732
6 0.621963
6 0.936898
8 0.683851
1 0.540274
3 0.567150
4 0.719482
5 0.655647
6 0.842714
0 1.098938
9 0.734240
2 0.593231
7 0.806770
2 0.447217
7 0.551412
9 0.709037
3 0.498630
4 0.645460
5 0.525834
6 0.534063
8 0.648937
0 0.537263
1 0.652230
2 0.591165
3 1.012674
4 0.607810
