2 0.691221
1 0.534232
0 0.561160
9 0.513362
8 0.734905
3 0.801955
4 0.546298
2 0.655958
1 0.642886
0 0.563129
5 0.451371
9 0.510282
8 0.539749
7 0.630835
2 0.372548
3 0.575330
1 0.402299
4 1.202269
0 0.434907
9 0.512502
8 0.518082
1 0.510283
7 0.563756
6 0.532037
5 0.559040
1 0.511353
2 0.556875
0 0.533251
9 0.511932
8 0.669696
3 0.419310
2 0.901662
4 0.473379
5 0.614838
6 0.465775
1 0.847235
2 0.751620
0 0.885258
9 0.493693
8 0.496637
7 0.587406
3 0.425189
2 0.574564
4 0.425690
1 0.511081
0 0.428785
9 0.449283
8 0.477162
7 0.421452
6 0.656181
5 0.555292
4 0.520809
3 0.609066
2 0.513385
1 0.422935
0 0.412545
9 0.455450
8 0.482299
7 0.498455
2 0.389385
3 0.482969
1 0.459258
0 0.422137
9 0.473014
4 0.486608
5 0.574761
6 0.489705
7 0.620554
2 0.407603
1 0.495858
3 0.594633
9 0.584337
8 0.533846
7 0.520835
1 0.401057
4 0.473293
0 0.390875
9 0.716327
8 0.620867
7 0.652339
6 0.599239
2 0.392258
3 0.493771
4 0.488684
1 0.376899
0 0.483777
5 0.507943
1 0.545530
9 0.382701
8 0.428735
2 0.370224
3 0.957054
4 0.709409
1 0.747451
0 0.432955
9 0.374461
8 0.409371
4 0.324179
5 0.508372
6 0.465934
