2 0.660998
3 0.591957
4 0.693581
5 0.560512
6 0.680776
7 0.584986
8 0.758688
0 0.535104
1 0.649918
2 0.620891
3 0.607908
2 0.616193
1 0.555031
9 0.424643
8 0.590279
7 0.611689
6 0.566777
5 1.134890
4 0.634196
3 0.527817
2 0.535907
7 0.410981
8 0.685796
6 0.606141
5 0.686393
4 0.742696
3 0.740389
2 0.631391
1 0.565024
0 0.533262
9 0.480112
8 0.592465
7 0.509959
2 0.651592
2 0.582547
5 0.556207
0 0.556385
1 0.532679
7 0.479743
8 0.599861
3 0.632021
4 0.557439
0 0.597999
9 0.502295
6 0.577133
1 0.476170
2 0.660281
8 0.407399
3 0.519508
5 0.551835
0 0.501331
9 0.488260
8 0.528527
1 0.496758
7 0.371760
6 0.606458
2 0.502806
3 0.460543
1 0.593967
0 0.559445
9 0.455955
8 0.562742
7 0.482968
6 0.795195
5 0.664942
4 0.502516
3 0.508136
2 0.465722
1 0.487339
0 0.463507
9 0.421122
8 0.519819
7 0.576123
6 0.547124
5 0.632685
4 0.534379
3 0.593240
2 0.542735
1 0.412523
0 0.399312
9 0.415553
8 0.514437
3 0.375928
2 0.786838
7 0.552622
6 0.574111
5 0.649106
4 0.513314
3 0.630863
2 0.588634
1 0.538200
0 0.757126
9 0.485500
8 0.485671
3 0.437889
2 0.526071
7 0.438355
6 0.574597
1 0.465484
4 0.567151
