8 1.276392
9 0.700954
0 0.791901
1 0.621650
2 0.584646
3 0.734199
4 0.689246
5 0.652196
6 0.783219
7 0.748792
8 0.930422
9 0.725505
0 0.613906
1 0.664810
2 0.822412
3 1.355970
4 0.828605
5 0.970266
6 0.829361
7 0.906950
8 1.000668
9 0.617205
0 0.572229
1 0.631017
2 0.556667
3 0.604872
4 1.381165
5 0.696434
6 0.699455
7 0.766313
8 0.678668
9 0.798916
0 0.687332
1 0.615630
2 0.762506
3 1.178864
4 0.630069
5 0.699730
6 0.742700
7 0.796293
8 0.684565
9 0.572855
0 0.591821
1 0.637525
2 0.461833
3 0.896620
4 0.787711
5 1.177262
6 0.748536
7 0.698210
8 0.725031
9 0.893459
0 0.640488
1 0.824839
2 0.734404
3 1.313534
4 0.810026
5 0.788852
6 0.746644
7 0.648288
8 0.744928
9 0.917521
0 0.621871
1 0.692198
2 0.663208
3 1.004600
4 0.797266
5 0.749568
6 0.915264
7 0.832882
8 0.654626
9 0.609681
0 0.548655
1 0.618008
2 0.517145
3 0.821305
4 0.840398
5 1.008657
6 0.665089
7 0.862728
8 0.628543
9 0.650096
0 0.532931
1 0.607952
2 0.760169
3 0.592705
4 1.302010
5 0.673391
6 0.678847
7 0.607244
8 0.639628
9 0.583819
0 0.541419
1 0.616313
2 0.811173
3 0.998346
4 0.830769
5 0.820460
6 0.831409
7 0.757141
