4 0.700971
3 0.767903
2 0.712209
1 0.749966
0 0.627522
9 0.601191
8 0.441562
7 0.553765
6 0.551412
2 0.428898
1 0.554439
3 0.448030
4 0.616205
0 0.475248
9 0.552871
8 0.590375
7 0.467922
6 0.505590
2 0.423192
3 0.588692
4 0.586211
5 0.519866
6 0.704014
9 0.605818
0 0.558005
1 0.550323
2 0.515880
3 0.580201
8 0.431126
7 0.628703
6 0.546269
5 0.647826
4 0.616097
3 0.587075
2 0.560683
9 0.465055
0 0.598504
5 0.526896
6 0.585677
7 0.535397
8 0.594195
9 0.567787
0 0.440081
1 0.480353
2 0.576528
3 0.443506
4 0.595574
5 0.473397
6 0.590825
7 0.604519
8 0.548779
9 0.522354
0 0.458629
1 0.445625
2 0.549674
5 0.475350
6 0.464978
7 0.438570
8 0.558667
9 0.574961
0 0.465893
1 0.447416
4 0.583728
5 0.613357
6 0.632248
7 0.533858
8 0.592249
2 0.566346
3 0.454647
4 0.537505
5 0.484462
0 0.468691
9 0.634229
8 0.607917
7 0.767846
6 0.528501
5 0.488743
1 0.456943
2 0.603840
3 0.532113
4 0.479029
5 0.535220
6 0.458241
9 0.565163
0 0.573436
1 0.440394
4 0.472660
5 0.534123
6 0.713005
7 0.534695
8 0.521639
9 0.817715
1 0.500871
2 0.559797
3 0.656010
0 0.595155
9 0.563272
8 0.491468
7 0.526441
6 0.430767
