8 3.371101
2 0.759419
4 0.671879
1 0.797482
9 1.109711
5 0.731617
0 0.510523
1 0.652145
4 0.599093
8 0.775319
2 0.378405
7 0.685010
0 0.765537
4 0.509875
1 0.875373
6 0.745121
8 0.534761
2 0.673787
1 0.767448
9 0.647698
3 0.511909
5 0.477505
0 0.653897
7 0.800649
8 0.849109
2 0.427951
3 0.561608
4 0.657989
9 0.572945
8 0.711816
2 0.373579
5 0.688308
0 0.304656
1 0.494247
8 0.593071
7 0.854667
3 0.497745
0 0.668570
5 0.634202
9 0.583972
2 0.501513
4 1.104303
6 0.758012
7 0.814399
1 1.097383
2 0.844468
8 0.548934
0 0.522098
3 0.514847
5 0.992343
9 0.518115
2 0.518388
6 1.062573
0 0.524379
3 0.436680
8 0.700788
1 0.455795
4 0.882695
6 0.707032
8 0.728756
1 0.473107
3 0.502534
7 0.692207
0 0.367187
4 0.463380
1 0.700871
7 1.319741
8 0.624445
1 0.486054
3 0.638300
4 0.686540
6 0.662864
9 0.644477
2 0.404837
4 0.812958
0 0.519982
5 0.624294
7 0.845816
1 0.438236
2 0.654375
4 0.665459
0 0.654940
8 0.889929
9 0.820991
1 0.496025
3 0.554870
6 0.536528
0 0.323389
4 0.467637
3 0.825157
0 0.758852
5 0.647236
4 1.055519
0 0.930504
1 0.517659
2 0.710097
5 0.539673
9 1.222391
3 0.868365
7 0.602026
