0 0.762361
1 0.394771
2 0.512333
3 0.685790
5 0.766184
6 0.582442
7 0.513413
8 0.518974
9 0.559145
0 0.559550
1 0.455726
2 0.642877
3 0.674926
4 0.480551
5 0.584851
7 0.550418
8 0.675982
9 0.556374
0 0.484754
1 0.428861
2 0.482386
3 0.610444
4 0.645626
5 0.589878
6 0.763320
7 0.603712
8 0.500050
9 0.494914
0 0.561907
1 0.506085
2 0.647689
3 0.551975
4 0.541583
5 0.728555
6 0.592911
7 0.574387
8 0.481468
9 0.473633
0 0.439228
1 0.559433
2 0.543706
3 0.429270
5 0.898657
6 0.461821
7 0.848736
8 0.753092
9 0.838648
0 0.455032
1 0.602034
2 0.554192
3 1.007805
4 0.568292
5 0.536648
6 0.547326
7 0.545092
9 0.486597
0 0.614842
1 0.753847
2 0.807385
3 0.655839
4 0.650898
5 0.469756
6 0.707270
7 0.496989
8 0.483812
9 0.828105
0 0.769699
1 0.572878
2 0.471728
3 0.565423
4 0.437573
5 0.461741
6 0.504673
7 0.478252
8 0.422570
9 0.521369
0 0.489601
1 0.524663
2 0.420781
3 0.527639
4 0.815829
5 0.522916
6 0.483159
7 0.499252
8 0.518388
9 0.414525
0 0.505462
1 0.575014
2 0.497977
3 0.428934
4 0.498476
5 0.645313
6 0.589624
7 0.459215
8 0.510079
9 0.419718
0 0.478517
1 0.550857
2 0.580325
3 0.447401
