2 1.524319
5 0.709082
9 1.498618
4 0.653824
1 0.624910
7 0.654524
8 0.737440
4 0.724470
1 0.612809
5 0.519679
0 0.839887
2 1.480172
3 0.784908
5 0.798513
6 0.694939
9 0.610119
3 0.724753
1 0.741140
7 0.528065
9 0.616305
3 0.523417
5 1.035468
0 0.825245
1 0.823035
7 0.964666
3 0.557022
9 0.557359
2 0.573521
5 0.568608
6 0.672843
1 0.502437
3 0.801343
5 1.449499
9 0.564874
7 0.621210
2 0.664054
6 0.853701
0 0.416860
3 0.499616
4 0.798514
5 0.726893
0 0.527275
9 0.703456
7 0.853135
2 0.872053
1 0.989747
9 0.667655
5 1.281074
0 0.673692
8 0.711346
2 0.421042
4 0.535824
5 0.554810
9 0.448442
7 0.704498
6 0.782227
1 0.745258
5 0.998842
3 0.711280
2 0.756832
7 0.709347
8 0.666983
9 0.912463
4 0.470295
1 0.739666
3 0.574845
0 0.521750
5 0.682091
6 0.818302
0 0.525284
2 0.709641
5 0.539137
3 0.646074
4 1.774167
9 0.537710
0 0.596689
5 0.468951
6 0.722536
8 0.666821
2 0.536433
4 0.715407
9 0.897120
1 0.603997
3 0.596323
2 0.844572
7 0.572960
9 0.559877
0 0.687949
4 0.496534
5 0.691289
1 0.782414
8 0.897299
6 0.836450
1 0.540799
2 0.551838
3 1.117237
4 0.693740
5 0.672675
0 0.358425
9 0.654605
