2 0.986996
1 0.848650
9 0.561119
5 0.497458
6 0.628201
4 0.561827
3 0.890122
7 0.525155
1 0.245473
0 0.597542
6 0.573770
5 0.624760
9 0.470506
4 0.443991
3 0.692209
2 0.927072
1 0.679588
6 0.455937
5 0.674747
7 0.568296
8 0.640650
4 0.425046
3 0.614501
1 0.801410
0 0.801780
9 0.698149
8 0.637127
7 0.581390
6 0.512344
5 0.605939
3 0.502194
2 0.577161
1 0.508054
9 0.585585
7 0.575190
6 0.562095
4 0.530458
1 0.493310
8 0.576333
5 0.419081
3 0.526003
1 0.598268
0 0.462588
9 0.516204
8 0.540390
7 0.543334
3 0.269036
4 0.674400
5 0.647947
6 0.592308
2 0.477957
1 0.574188
7 0.313130
4 0.406667
5 0.934804
6 1.633723
8 0.655869
9 0.698918
0 0.613715
3 0.544729
4 0.606301
5 0.606515
6 0.638895
7 0.583191
8 0.868638
9 0.954343
1 0.640074
2 0.616503
3 0.867223
4 0.953070
6 0.518883
7 0.647001
8 0.655394
1 0.394346
5 0.407886
4 0.607991
0 0.464376
9 0.685848
8 0.614312
7 0.761077
2 0.297540
3 0.564359
4 1.108562
5 0.602386
6 0.586664
1 0.376268
0 0.555138
9 0.592683
8 0.486327
7 0.702610
6 0.548184
5 0.729845
2 0.484837
3 0.629040
1 0.618676
0 0.453586
9 0.616453
8 0.571344
7 0.510448
6 0.507857
