2 0.642953
3 1.395156
5 0.705045
7 0.694630
0 0.449778
1 0.580521
3 0.503563
8 0.605088
5 0.549367
4 0.666924
9 0.568551
3 0.688849
5 0.689181
6 0.700086
9 0.719063
2 0.671421
3 0.653090
5 0.791978
6 0.629724
1 0.779363
9 0.614227
7 0.585284
3 0.486850
5 0.663142
4 0.612765
6 0.695723
8 1.258522
2 0.797710
0 0.710129
9 0.539659
6 0.518681
4 0.622938
3 0.692592
9 1.047470
7 0.688037
5 0.624226
4 0.621959
3 0.616796
1 0.515682
8 0.668053
7 0.865631
2 0.847366
3 0.927762
4 0.984079
6 0.765848
0 0.742189
1 0.713127
4 0.662800
5 0.716388
6 0.724753
9 0.733085
3 0.536056
4 0.666930
7 0.696605
5 0.683363
1 0.555787
0 0.628232
5 0.881684
7 0.522107
3 0.530451
2 0.645242
9 0.613636
4 0.464507
5 0.678107
0 0.502461
6 0.737295
3 0.596252
8 0.508535
1 0.722153
9 0.554515
4 0.480049
8 0.760267
4 0.624628
3 0.686268
1 1.374500
9 0.641807
5 0.458034
6 0.516891
3 0.413249
1 0.520024
8 0.544318
5 0.629888
9 0.459531
3 0.678413
4 0.598762
6 0.527088
1 0.415310
3 1.042108
5 0.538453
8 0.445477
3 0.413736
7 0.600734
1 1.616731
2 1.052094
5 0.751152
7 0.892877
3 0.767854
5 0.672275
9 1.653732
3 0.529183
