0 0.961127
8 0.737546
5 0.764508
1 0.381123
3 0.583675
8 0.405234
4 0.429579
1 0.483138
7 0.483425
3 0.563372
0 0.467839
6 0.433367
9 0.566805
4 0.471248
1 0.596846
5 0.501036
0 0.503943
6 0.349563
3 0.443103
9 0.499399
5 0.446225
0 0.462430
4 0.393376
8 0.454896
2 0.441840
6 0.450102
0 0.476904
4 0.397146
8 0.373315
2 0.304122
1 0.605750
5 0.413977
7 0.584926
3 0.542495
9 0.748031
2 0.521743
6 0.538047
5 0.716790
0 0.357250
4 0.485520
1 0.477736
9 0.749880
8 0.603608
3 0.531860
7 0.694764
1 0.505718
5 0.487311
1 0.639599
4 0.759826
9 0.520155
3 0.592396
7 0.486037
2 0.286308
6 0.478476
0 0.478668
5 0.558965
1 0.463231
9 1.044717
3 0.397092
7 0.709331
3 0.410993
7 0.501913
1 0.464811
5 0.430376
0 0.307820
4 0.361475
9 0.353708
3 0.335153
8 0.497987
2 0.540882
0 0.511886
5 0.301457
8 0.688247
4 0.464574
3 0.814115
1 0.665105
7 0.694797
5 0.665676
0 0.527371
4 0.407562
9 0.351846
2 0.429281
6 0.458890
1 0.517820
5 0.446046
0 0.294253
4 0.297121
8 0.435980
3 0.284142
7 0.412437
1 0.407347
5 0.575438
9 0.474403
5 1.199872
1 0.432426
7 0.606024
2 0.334362
6 0.521167
3 0.449335
9 0.540319
