1 0.541251
2 0.512037
7 0.445813
5 0.525951
4 0.662138
3 0.553209
1 0.558707
9 0.711012
0 0.540589
5 0.831548
6 0.533349
7 0.512060
7 0.541770
3 0.344676
2 0.438227
1 0.510541
9 0.379855
5 0.638792
4 0.479138
6 0.519348
6 0.559713
7 0.743903
2 0.757670
1 0.453958
0 0.448826
1 0.425061
3 0.510574
4 0.707980
9 0.321787
8 0.562066
2 0.450227
3 0.540930
7 0.576032
5 0.491061
6 0.430063
5 0.499347
1 0.526376
0 0.542602
9 0.572246
2 0.519253
8 0.399536
5 0.503596
4 0.429130
3 0.538716
7 0.477626
8 0.669840
0 0.619513
1 0.638508
3 0.638674
2 0.591132
9 0.444672
8 0.612845
8 0.535863
7 0.594704
5 0.464324
4 0.565777
6 0.710116
3 0.867866
7 0.545456
0 0.575106
1 0.426108
2 0.367638
7 0.423854
8 0.533365
8 0.944187
3 0.422010
5 0.672930
4 0.510590
2 0.460136
0 0.567039
9 0.479286
1 0.471473
9 0.436989
9 0.485278
7 0.829411
3 0.730989
5 0.478167
6 0.638456
8 0.510801
1 0.508262
2 0.641851
7 0.418195
3 0.421041
2 0.471896
9 0.437588
0 0.549821
4 0.539293
6 0.462296
8 0.577047
2 0.492000
3 0.495156
4 0.569805
4 0.908767
6 0.570525
5 0.493392
5 0.616488
0 0.339450
2 0.670191
8 0.683650
9 0.596028
