2 1.101898
7 0.561073
3 0.921342
4 0.785790
9 1.527202
3 0.791955
8 0.981597
5 1.016715
1 1.259725
6 1.014956
2 0.969919
7 0.917103
0 0.997563
4 1.045864
8 0.966228
3 0.902919
1 1.220375
6 0.911594
9 0.973188
9 1.064242
5 0.630170
2 1.115538
3 0.708159
7 0.929775
8 0.916955
0 0.877204
4 0.933588
3 0.888722
8 0.811639
1 0.886657
5 0.871067
6 0.996783
2 0.837213
9 0.837460
3 0.789828
7 0.971574
8 0.934612
4 0.769783
1 0.828719
2 0.898421
3 0.973328
7 0.904473
0 0.814255
6 1.001172
5 0.881361
5 0.794004
0 0.655727
8 1.050533
4 0.845579
1 0.869967
7 0.747767
2 0.865537
8 0.799105
9 0.959309
4 0.623924
3 0.853473
7 0.648515
8 0.912843
0 1.222345
2 0.764284
5 0.796587
6 0.757019
2 0.701198
1 0.808236
1 0.872550
3 1.430184
7 0.852249
9 0.943185
4 0.612765
5 1.063933
2 0.813726
1 0.736691
7 0.699781
9 0.686660
3 0.774919
8 0.737852
4 0.812924
0 0.776001
6 1.002945
0 0.715324
2 0.745009
3 0.782744
0 0.684404
8 0.684633
5 0.764847
4 0.789286
2 0.818953
8 0.781910
6 0.736914
9 0.667723
3 0.673568
4 0.807226
0 0.567560
7 0.703849
2 0.709531
3 0.707054
8 0.592716
5 0.662382
1 0.593233
9 0.638905
