0 1.059642
3 0.822876
4 1.092387
7 0.703628
9 0.797357
2 0.781710
7 0.888662
1 0.936985
4 0.867906
6 0.753624
5 0.895396
0 1.122403
9 0.730953
8 1.685719
3 0.646533
1 1.118670
4 0.871176
2 0.876950
9 0.941227
7 1.000285
6 0.744812
5 0.806559
2 0.590723
0 0.828320
8 0.961969
9 0.746431
4 0.664000
3 1.637532
6 0.790392
5 0.699990
0 0.918954
1 1.023234
3 0.741178
4 0.992018
8 0.813904
9 1.152851
5 0.886597
0 0.607013
4 1.159170
6 0.695829
7 1.306690
1 0.776565
3 0.827517
4 1.153159
5 0.703021
1 4.044104
3 1.293926
4 1.625152
6 0.655219
5 0.754129
0 0.839788
1 0.712233
9 0.645850
7 0.678150
8 0.742467
2 0.716031
3 0.932369
4 0.967419
5 0.935781
6 0.626946
1 0.624565
0 0.734124
9 0.593134
7 0.678800
2 0.830965
8 1.308683
6 0.722560
4 0.730842
1 1.469721
9 0.555827
3 0.753378
2 0.782959
5 2.460328
6 0.600286
0 0.744467
3 0.870211
8 1.235726
7 0.804372
2 0.740624
0 0.535655
4 0.722561
5 0.714976
6 0.704558
9 0.670180
8 0.803782
3 0.532179
4 0.839002
6 0.719491
7 0.759844
1 0.640016
0 0.800405
5 1.088660
8 0.825178
2 0.486788
4 0.647063
4 4.006705
0 0.616809
9 0.523707
7 0.875960
1 0.580202
