5 1.072981
3 0.702808
5 0.604504
7 0.740709
8 0.735654
9 0.786741
0 0.672425
1 0.662068
3 0.640998
4 0.729320
6 0.612340
8 0.615203
0 0.594236
3 0.679797
5 0.703990
6 0.725687
7 0.662040
8 0.560764
0 0.489252
1 0.628212
5 0.769838
8 0.668801
9 0.706485
0 0.575999
1 0.691007
4 0.550039
5 0.699703
6 0.670594
7 0.564265
8 0.492434
2 0.543431
3 0.676924
6 0.717251
8 0.573540
9 0.672558
0 0.774072
5 0.665144
4 0.614789
3 0.737655
2 0.700687
1 0.599714
9 0.615894
7 0.570921
4 0.701767
5 0.672865
0 0.566511
1 0.710792
4 0.636322
5 0.652605
6 0.711543
7 0.637171
8 0.461624
9 0.512462
0 0.613925
1 0.560940
3 0.641250
5 0.601511
7 0.601819
0 0.570132
1 0.533038
4 0.599945
7 0.688119
0 0.656486
1 0.563273
5 0.707604
3 0.601381
4 0.665640
7 0.583210
8 0.660945
9 0.591803
5 0.677501
4 0.797810
2 0.678086
7 0.686399
6 0.670644
5 0.732236
1 0.655285
0 1.306178
8 0.632102
7 0.733657
6 0.736651
5 0.715554
2 0.625357
1 0.615051
0 0.681916
9 0.562202
4 0.506531
7 0.599937
8 0.608398
2 0.528587
3 1.112722
4 0.766724
5 0.726955
9 0.543294
0 0.500888
1 0.607821
2 0.711963
7 0.581775
4 0.736583
9 0.499588
