2 1.041303
3 2.249378
4 2.476719
9 1.158021
5 1.038415
0 1.030818
1 1.260616
7 1.015847
6 2.010694
9 1.966219
1 0.919082
3 0.847523
2 1.071742
4 1.285487
8 0.686113
9 0.878407
0 0.806731
6 0.751156
5 0.636825
1 0.733107
3 0.743975
4 0.837711
8 0.614026
9 1.040908
6 1.641248
7 1.121983
2 1.010339
1 0.685625
0 0.821889
9 0.792950
3 1.022524
4 0.740314
5 0.863341
6 0.836972
9 0.685422
8 0.717756
7 1.269964
2 0.547831
1 0.913299
3 0.751110
4 0.876766
5 0.965154
0 1.317357
1 0.821974
9 1.073078
8 1.230737
-1 5.000142
-1 5.000139
6 1.818402
4 0.862144
2 1.672981
1 0.926929
0 1.023354
9 0.717150
8 0.797525
7 0.821820
3 0.912796
2 0.926594
1 1.646868
0 0.775524
5 0.978490
4 1.181477
8 1.000753
7 1.145019
6 0.766928
9 1.143216
0 2.028838
1 0.587154
2 0.944667
3 1.054497
4 1.089584
5 1.276541
6 0.901124
7 1.448205
9 0.912849
1 1.126360
3 0.638909
5 0.991251
9 1.116829
7 1.141414
6 1.208452
8 1.040845
1 0.873437
2 1.254993
4 0.898346
0 1.133298
9 0.960374
3 0.632825
8 0.766535
7 0.886729
5 1.278930
0 1.039606
4 0.752006
2 1.109699
1 0.859534
6 0.830497
7 0.772162
3 0.751238
4 0.820876
9 1.303590
