4 1.096081
5 2.077143
7 1.038556
6 1.207024
0 0.799450
3 1.111776
1 0.949610
9 1.915166
7 0.939783
3 1.039071
5 1.049622
0 0.765236
1 0.877640
7 0.765916
8 1.086147
4 0.942784
6 1.484339
7 1.236967
6 1.197340
9 0.837920
9 0.958276
4 0.910799
0 0.900458
5 0.831120
6 1.021124
1 1.560112
2 0.792876
9 0.910478
3 0.924248
8 1.204554
5 0.589067
0 0.626731
0 0.904262
4 0.573999
6 0.736949
9 0.739929
9 1.686720
2 0.863523
1 0.829208
7 0.530989
4 1.261794
9 0.913084
5 1.222697
1 0.796558
6 1.228788
8 0.682707
7 0.986889
3 0.912709
5 0.678384
0 0.558885
9 1.071098
8 1.476717
1 1.037340
6 1.573579
5 1.320912
9 1.185493
7 1.135365
8 1.474326
1 0.832349
6 0.894085
9 0.777104
4 1.036009
3 0.876502
6 0.844818
0 1.053112
1 0.824310
9 1.102003
5 0.697123
6 0.884072
4 0.940447
5 1.367354
0 0.672013
9 1.133665
8 0.904710
3 1.038434
1 0.966950
7 1.063266
4 0.893104
5 0.824197
2 1.653719
4 2.384956
6 1.191081
8 0.853060
5 1.168018
8 0.832541
6 1.406085
1 0.550774
2 2.356143
9 1.021193
1 0.856305
8 1.219332
6 2.382254
4 1.164654
0 0.853206
5 1.304105
8 0.653980
6 0.952996
1 0.790687
9 2.755977
4 1.285244
