0 1.211063
5 0.878352
6 1.198642
2 0.839226
8 2.215390
3 0.658912
7 0.709988
9 0.715660
4 0.588018
0 0.585592
5 0.671208
1 0.524845
7 0.517051
3 0.485275
7 0.645592
0 0.533794
4 0.480821
9 0.480857
3 0.393232
6 0.806733
1 0.663117
3 0.668704
8 0.490371
4 0.613181
9 0.752211
5 0.557837
1 0.478106
3 0.766264
8 0.510667
4 0.316368
9 0.436475
5 0.516626
0 0.540972
4 0.551851
8 0.621544
3 0.568394
0 0.712702
6 0.558293
8 0.678476
3 0.422883
2 0.876372
7 0.652880
1 0.519677
5 0.840033
0 0.616266
6 0.475417
2 0.528883
8 0.529215
9 0.644065
3 0.628383
8 0.617894
7 0.860854
2 0.423944
5 0.757488
1 0.629659
0 0.906804
4 0.545188
8 0.454742
2 0.441612
7 0.457770
1 0.596742
5 0.573077
9 0.519893
3 0.408147
4 0.864370
0 0.750067
3 0.683813
6 0.644020
1 0.436404
2 0.812559
5 0.703561
0 0.557305
4 0.797494
8 0.613870
5 0.600813
1 0.481046
8 0.921257
3 0.601666
2 0.753875
7 0.807602
4 0.879832
0 0.792302
7 0.909964
4 0.619626
1 0.582683
9 0.660333
3 1.215175
7 0.546366
3 0.591885
9 0.749525
2 0.507097
5 0.576811
0 0.451824
4 0.494591
8 0.417603
1 0.524439
7 0.556697
2 0.492976
6 0.511875
2 0.469428
