3 0.821915
9 0.726254
5 0.582579
1 0.684193
4 0.732421
8 0.575472
3 0.506510
7 0.591911
2 0.589557
6 0.467264
1 0.544706
5 0.518413
2 0.566672
8 0.454931
1 0.753765
6 0.479522
0 0.615660
4 0.570535
9 0.637653
3 0.499141
7 0.534020
2 0.537074
5 0.515847
9 0.532232
2 0.631092
1 1.236684
8 0.621124
4 0.576240
0 0.555095
3 0.496679
7 0.731454
3 0.934462
2 0.809701
5 0.772534
2 1.023575
7 0.679911
0 0.896367
5 0.547443
9 0.728937
6 0.841348
2 0.465677
8 0.511337
3 0.396834
4 0.725005
0 0.845258
5 0.661685
1 0.600696
6 0.624900
9 0.590520
7 0.668265
4 0.697742
1 0.948674
3 0.954507
2 1.008373
9 0.651219
4 0.894118
8 0.889283
3 0.804343
7 0.572714
1 0.663596
5 0.613163
0 0.488075
4 0.488388
2 1.312588
7 2.358084
3 0.599368
2 0.935614
8 0.698580
1 0.749624
5 0.539363
9 0.606240
4 0.518525
2 0.854677
6 0.529795
0 0.676652
7 0.556999
8 0.773222
5 0.536326
1 0.573750
4 0.600779
8 0.673055
3 0.486679
1 0.990867
9 0.564703
6 0.612965
4 0.727799
8 0.728101
0 0.576536
5 0.547557
3 1.024984
8 0.790840
7 0.852438
6 0.999363
1 0.594567
4 0.688090
0 0.544462
3 0.830123
9 1.283536
5 0.828184
7 0.753933
