0 1.059156
4 0.830301
2 0.843955
7 0.620355
8 0.719361
9 0.559625
5 0.591884
3 0.549485
0 0.987121
5 1.456658
3 0.652154
9 0.519083
7 0.607343
3 0.855597
1 0.626545
0 0.704261
5 0.485906
3 0.926063
0 0.582511
8 0.628017
7 0.737683
2 0.668603
3 0.634277
4 1.255790
9 0.699015
5 0.582067
0 0.544979
2 0.798581
6 0.790939
8 0.692578
3 0.471615
1 1.013374
5 0.448265
1 1.480321
0 0.576935
9 0.723719
4 0.804261
0 0.900500
2 0.951525
7 0.637336
4 0.597648
6 2.941478
1 0.716312
5 1.212534
0 0.751749
4 0.773325
8 0.576498
7 0.563343
4 0.979529
0 1.430542
4 0.676526
2 2.132555
5 0.720235
6 1.280497
0 1.224992
4 1.462750
2 0.636767
3 1.212955
8 0.568227
4 0.648499
5 1.072712
5 2.558311
0 2.231274
3 0.781625
9 0.672626
4 0.446324
2 2.030333
6 0.492610
7 0.735480
3 0.498510
8 0.901430
4 0.488474
5 0.720625
9 0.465233
1 0.830318
6 0.556201
7 0.804439
2 1.116742
9 0.677308
4 0.549630
8 0.971260
3 0.422316
0 0.881142
5 0.233544
4 0.846908
9 0.447321
5 0.839533
2 0.679970
1 0.872134
3 0.821875
0 1.032879
8 1.126615
2 1.718956
5 0.511337
4 0.581374
1 0.680389
9 0.824495
3 1.038194
0 0.542693
6 1.012175
