0 0.884132
1 0.516620
3 0.740963
6 0.544000
8 0.501572
9 0.712498
0 0.462068
1 0.545014
2 0.542587
4 0.516193
6 0.548301
8 0.521999
7 0.570282
6 0.469236
5 0.450670
4 0.613684
3 0.536523
1 0.587421
9 0.561118
8 0.537311
7 0.996255
6 0.836579
5 0.533101
4 0.687967
3 0.632276
0 0.654012
9 0.768878
8 0.593120
7 0.478844
6 0.878948
5 0.471393
4 0.477007
3 0.557259
1 0.565419
9 0.501820
8 0.464669
7 0.510173
6 0.779644
5 1.350700
4 0.444636
3 0.556866
1 0.581095
0 0.575982
9 0.595032
8 0.544596
7 0.454263
6 0.609060
5 0.689263
4 0.556368
3 0.532595
0 0.575541
8 0.498377
7 0.421482
8 0.664189
9 0.533938
0 0.632865
1 0.486470
2 0.574667
3 0.641553
4 0.529886
5 0.532796
6 0.591700
8 0.709338
9 0.738886
0 0.469955
1 0.507410
2 0.609104
3 0.489402
5 0.636339
6 0.516587
8 0.964739
9 0.533187
0 0.288107
1 0.648222
2 0.512587
3 0.566235
4 0.742463
5 0.660034
7 0.918959
8 0.519420
9 0.591764
0 0.437335
1 0.541573
2 0.544511
3 0.478022
4 0.670319
5 0.523689
6 0.468078
7 0.561685
8 0.553966
9 0.575637
0 0.498495
1 0.509389
2 0.547033
3 0.552590
4 0.574245
5 0.665183
6 0.542739
7 0.500350
8 0.511302
