6 1.178720
2 1.621696
0 1.920913
4 2.321649
5 2.122514
7 3.419043
1 2.031229
9 0.733535
4 0.896337
6 0.707589
8 0.913106
2 0.710893
1 1.012456
0 1.567389
9 0.704039
8 1.101695
7 1.088919
6 0.833302
5 0.575124
4 0.873961
3 0.687667
2 0.815961
1 1.786795
0 0.769019
9 0.745336
8 0.678975
7 0.695340
6 0.794259
5 0.775860
4 0.602962
3 0.795153
2 0.864886
1 0.766599
0 0.990842
9 0.892538
8 0.535739
7 0.898601
6 1.013542
5 1.736565
4 0.859983
3 1.262991
2 0.780801
1 1.471743
0 0.709717
9 1.187286
8 0.657151
7 1.076106
6 1.228538
5 0.778318
4 0.957294
3 0.741850
2 0.736749
1 0.643780
0 0.828014
9 0.993728
8 1.127469
7 0.791886
6 1.325537
5 0.614210
4 0.785150
3 0.686835
2 0.919043
1 0.823409
0 0.941105
9 1.040095
8 0.920492
7 0.633094
6 0.686610
4 2.606668
3 1.391764
2 1.301504
1 0.680823
0 0.625283
9 2.198497
8 0.903539
7 0.853243
6 2.056019
5 2.875214
4 0.668948
3 0.626412
2 0.712041
1 0.853717
0 0.752704
9 0.702252
8 1.235949
7 0.764372
6 0.700688
5 0.887716
4 1.056082
3 0.723242
2 0.683547
1 0.659959
0 0.806863
9 0.743107
8 0.732851
7 0.615846
5 0.674697
3 0.704425
2 0.877987
1 0.862357
