1 0.800467
4 0.488921
6 0.441158
9 0.497469
2 0.452304
7 0.911066
4 0.628830
0 0.714430
8 0.567935
3 0.408490
5 0.584592
7 0.574125
2 0.593145
9 0.534773
5 0.489644
1 0.556574
8 0.516913
5 0.517017
2 0.685210
7 0.637662
3 0.765944
9 0.510255
0 0.547745
4 0.425413
8 0.575001
2 0.561898
6 0.890158
3 1.069171
8 1.114898
1 0.472825
4 0.494329
7 0.857225
5 0.596296
1 0.620604
9 0.647501
8 0.671783
4 0.629372
0 0.643051
7 0.547350
2 0.560927
8 0.825150
3 0.798887
6 0.583260
0 0.572773
4 0.375743
8 0.418625
2 0.477582
3 0.525786
7 0.470005
8 0.563379
3 0.507904
5 0.505316
9 0.774953
0 0.577967
4 0.444939
6 0.453187
8 0.575965
2 0.546960
1 0.616594
0 0.555536
6 0.443695
4 0.691963
9 0.966891
3 0.351448
8 0.676942
7 0.733223
5 0.536009
2 0.659033
1 0.526035
0 0.542327
7 0.497174
4 0.492168
1 0.487001
9 0.719320
5 0.479626
2 0.455465
8 0.594677
5 0.560251
0 1.032420
9 0.478302
4 0.518595
2 0.382857
8 0.532394
6 0.583252
1 0.508896
4 0.554439
7 0.607957
0 0.576303
3 0.395249
6 0.568787
8 0.665040
1 0.750719
5 0.476339
2 0.812423
8 0.735554
5 0.586578
1 1.191982
3 0.606000
8 0.798319
9 0.526715
