1 0.795719
5 0.659978
9 0.478971
2 0.543158
3 0.684787
0 0.525043
5 0.605386
0 0.405639
2 0.757836
3 0.902150
5 0.697166
0 0.548113
2 0.633755
7 0.375373
8 0.826240
4 0.567956
2 0.760080
9 0.664722
0 0.758162
5 0.478593
6 0.622669
8 0.716275
3 0.396714
4 0.516931
5 0.733166
6 0.696015
0 0.587166
3 0.552775
9 0.470350
1 0.739849
6 0.486821
8 0.774950
3 0.514517
5 0.671611
0 0.733293
3 0.728290
6 0.808625
8 0.768975
3 0.465258
5 0.790811
0 0.444445
9 0.676678
7 0.988933
1 0.458810
2 0.677655
3 0.629913
5 0.819486
1 0.502637
0 0.844165
7 0.628535
5 1.242128
1 0.602596
9 0.706963
5 0.760627
4 0.680948
1 0.641186
6 0.593549
9 0.751162
3 0.612740
7 0.663637
1 0.477386
6 0.813572
0 0.592644
3 1.134157
5 0.721175
0 0.393573
7 0.727212
1 0.527510
3 0.719628
9 0.552027
5 0.645698
0 0.701852
1 0.656836
7 0.643774
8 0.748199
2 0.745740
0 0.791441
5 0.421187
3 0.807898
7 1.352221
0 0.766179
3 0.662561
5 0.668109
6 0.713830
1 0.639433
9 0.679684
4 0.608019
5 0.640330
0 0.496620
1 1.083368
6 0.683965
2 0.588152
9 1.017871
4 0.644862
6 0.781285
1 0.696268
9 0.707058
4 0.744828
1 0.766477
6 0.822789
