3 0.748291
0 0.625968
5 0.583620
8 0.605149
1 0.549424
6 0.491110
3 0.589633
2 0.813802
8 0.512840
1 0.561302
5 0.425721
9 0.471148
4 0.492572
0 0.583782
6 0.453490
1 0.432313
4 0.437827
9 0.278137
4 0.486234
2 0.846409
7 0.582752
8 0.820486
1 0.415468
5 0.554382
2 0.679637
8 0.968191
4 1.176463
0 0.795745
3 0.548133
7 0.737545
1 0.516690
6 0.349030
1 0.538422
8 0.709335
3 0.442994
8 0.363272
2 0.323528
9 0.627468
5 0.489272
0 0.484186
4 0.523773
3 0.692618
7 0.463614
8 0.949013
1 0.442897
3 0.707128
8 0.504753
2 0.734294
9 0.625369
6 0.510941
4 0.660501
5 0.487418
1 0.655674
3 0.594638
9 0.576223
4 0.795121
2 0.576910
8 0.491765
7 0.846714
6 0.551020
9 0.599407
1 0.471535
4 0.501304
2 1.047919
7 0.472531
0 0.654121
5 0.465048
1 0.550572
7 0.388226
9 0.617787
4 0.476663
3 0.492878
0 0.615801
2 0.482783
6 0.483016
0 0.483048
7 0.747360
2 0.441155
4 0.649367
9 0.468303
5 0.513910
8 0.543456
3 0.517173
7 0.413327
4 0.624109
2 0.661807
6 0.664697
0 0.678329
4 0.686624
8 0.518962
1 0.551224
2 0.684789
6 0.549116
9 0.506800
3 0.848341
6 0.480619
7 0.616908
0 0.547984
3 0.521515
4 0.593699
