3 1.024360
1 0.789994
9 0.891620
4 0.814652
3 0.601846
2 0.514243
1 0.575643
0 0.418719
8 0.509550
7 0.539066
4 0.445995
3 0.477787
2 0.494556
1 0.561412
0 0.521604
8 0.673874
7 0.487516
4 0.439740
3 0.479934
2 0.496148
1 0.523068
0 0.643363
9 0.507561
6 0.489274
3 0.332260
2 0.559033
1 0.559159
0 0.583550
9 0.509168
5 0.570618
3 0.453621
2 0.384571
9 0.438175
7 0.574282
4 0.601264
3 0.465589
2 0.639138
0 0.695370
9 0.450382
3 1.197205
2 0.557775
1 0.493973
0 0.496857
9 0.491677
7 0.502653
3 0.436338
2 0.476570
1 0.548782
0 0.586298
9 0.831943
8 0.645603
2 0.437977
4 0.582078
3 0.473122
2 0.438676
1 0.614857
0 0.649897
9 0.732739
7 0.567645
3 0.344050
4 0.525594
5 0.653810
2 0.336859
1 0.435476
0 0.777185
9 0.580226
8 0.615167
2 0.425969
3 0.647557
4 0.615878
6 0.682704
2 0.299143
1 0.669991
0 0.683606
9 0.451826
8 0.486845
3 0.511110
4 0.388648
5 0.490152
1 0.797022
8 0.485434
7 0.581685
5 0.456615
4 0.979330
2 0.406540
1 1.182721
0 0.660495
9 0.455578
8 0.578377
7 0.501340
4 0.520155
3 0.456526
2 0.467404
1 0.425013
0 0.446521
9 0.710719
8 0.556398
7 0.468652
6 0.530162
5 0.477155
