3 0.948357
0 0.897896
6 0.757178
1 0.533401
5 0.560320
9 0.448654
4 0.464841
0 0.494423
6 0.417394
2 0.508248
8 0.601855
3 0.338191
6 0.605028
0 0.437259
4 0.741301
8 0.400465
2 0.328661
6 0.376817
1 0.363574
5 0.355827
0 0.329658
5 0.404280
9 0.332434
4 0.239439
0 0.559559
7 0.447844
2 0.487990
6 0.488259
9 0.432341
2 0.589983
6 0.403468
0 0.419805
7 0.678612
2 0.310953
7 0.452472
2 0.495385
6 0.738301
1 0.493312
5 0.864098
0 0.541864
4 0.456799
8 0.515614
3 0.601301
9 0.345558
2 0.759027
7 0.863295
1 0.405022
5 0.469417
3 0.602850
9 0.411174
3 0.390136
7 0.651374
2 0.678579
6 0.406840
1 0.519039
5 0.615284
1 0.554312
8 0.663804
3 0.269512
9 0.450938
3 0.941792
7 0.569047
2 0.353200
9 0.470817
4 0.404152
7 0.468850
2 0.402060
8 0.689736
3 0.221306
7 0.368014
0 0.392299
5 0.397832
9 0.765966
4 0.438336
7 0.678634
2 0.486771
8 0.567163
4 0.351455
9 0.357046
6 0.509135
2 0.554669
8 0.432651
4 0.245843
9 0.406011
3 0.630187
6 0.491760
1 0.318724
5 0.342967
0 0.420469
4 0.543313
8 0.484847
2 0.405159
7 0.429316
3 0.554937
9 0.416542
4 0.275392
7 0.344879
1 0.430502
6 0.283935
3 0.892137
