3 1.084939
1 0.821352
5 0.576467
9 0.555361
8 0.760993
3 0.425347
4 0.622852
1 0.532498
0 0.623424
7 0.469047
9 0.602599
3 0.466935
0 0.904329
5 0.262264
8 0.608890
2 0.417254
0 0.628057
6 0.521785
9 0.530055
3 0.348930
0 0.538453
5 0.413376
1 0.488078
2 0.656436
8 0.531473
3 0.694351
9 0.441479
0 1.049515
5 0.404656
1 0.764829
4 0.429130
6 0.802657
9 0.507027
5 0.808532
2 0.632855
5 0.494617
9 0.449449
5 0.572292
3 0.615373
6 1.066132
7 0.583998
9 1.149499
4 0.435427
9 0.497001
3 0.691692
0 0.510869
7 0.532520
8 0.655360
3 0.250450
2 0.685108
1 0.525394
2 0.797632
6 0.414171
9 1.328811
4 0.412145
0 0.647007
5 0.263318
1 0.748713
6 0.338482
8 0.653353
4 0.640308
9 0.512590
6 0.518176
1 0.718271
5 0.510722
9 0.404313
3 0.332549
8 0.639280
2 0.335760
7 0.418564
3 0.557306
6 0.573583
4 1.040515
9 0.408980
1 0.641238
9 0.609460
2 0.364441
9 0.516654
7 0.508929
8 0.674477
3 0.352020
1 0.645610
6 0.421922
0 0.584770
4 0.630431
1 0.676046
3 0.596257
9 0.452593
2 0.767467
8 0.439812
2 1.623769
6 0.557914
3 0.606234
5 0.622540
9 0.780025
7 0.559148
3 0.559518
0 0.551684
4 0.613222
0 0.400213
