2 0.838503
4 1.070793
7 0.804710
0 0.573023
1 0.567987
6 0.472274
6 0.757862
9 0.766027
3 0.550409
3 0.732044
7 0.711057
2 0.492713
2 0.887573
1 0.847847
6 0.704291
4 0.646012
0 0.734193
7 0.817180
9 0.715590
8 0.652617
2 0.615582
3 0.602427
3 0.706199
1 0.880432
0 0.664715
0 0.686381
7 0.534648
7 0.817599
7 0.780661
2 0.631572
4 0.581265
9 0.552140
3 0.533846
0 0.440752
5 0.496896
1 0.403788
2 0.659994
7 0.510935
0 0.508005
4 0.522141
9 0.418440
8 0.589172
2 0.450947
1 0.589707
6 0.515434
4 0.537029
0 0.451841
3 0.582730
8 0.492558
7 0.671375
2 0.436991
5 0.557156
0 0.404277
1 0.621657
7 0.560573
4 0.616836
1 0.467640
3 0.481283
6 0.513592
0 0.503090
9 0.532778
4 0.551663
1 0.533219
7 0.456094
8 0.643040
3 0.491239
2 0.526069
6 0.454608
4 0.545421
1 0.599077
0 0.591221
9 0.564710
8 0.525193
3 0.509443
2 0.562955
7 0.443266
5 0.587498
4 0.633031
1 1.062473
0 0.604533
9 0.732782
7 0.591797
6 0.581300
2 0.424293
3 0.461737
8 0.488686
7 0.600881
4 0.465313
6 0.566793
9 0.735013
2 0.498008
4 0.477057
3 0.621145
1 0.672165
0 0.757799
9 0.574141
8 0.552614
7 0.486710
6 0.534861
4 0.617679
