3 4.037329
1 0.959308
6 1.199771
3 0.704273
1 0.949804
8 0.923360
4 0.867877
7 0.881655
9 0.754126
1 0.631663
4 0.653320
6 0.640300
1 0.512589
4 0.758220
8 0.798476
2 0.798795
7 0.575074
3 0.922021
8 0.658537
1 0.709493
6 0.611079
2 0.694067
7 0.609059
1 0.673389
6 0.838922
2 0.767272
3 0.735592
8 0.738653
9 0.949557
4 0.867227
6 0.528983
0 0.649223
2 0.649478
3 0.820519
7 0.487548
8 0.599787
1 0.599895
5 0.568264
6 0.776539
0 1.067737
3 0.601315
7 0.617631
9 0.500577
1 0.583511
2 0.597052
5 0.949246
8 0.787013
1 0.856694
7 0.931694
1 0.454899
4 0.569800
6 0.628687
9 0.482269
1 0.562530
4 0.922678
7 0.475127
0 1.792438
7 0.534712
1 0.985584
6 0.807325
1 0.591740
6 0.565317
2 0.541512
8 0.640596
3 0.632826
7 0.590500
1 0.636075
6 0.676305
2 0.460683
8 0.551533
9 0.677065
3 0.557427
6 0.733705
0 0.504638
1 0.614245
5 0.401226
8 0.801413
2 0.657632
7 0.636725
3 0.485069
9 0.605240
2 0.637566
6 0.389859
1 0.467400
4 0.712962
6 0.854367
2 0.497520
7 0.596461
3 0.980749
7 0.855840
9 0.642827
6 0.635114
0 1.136685
4 0.699771
6 0.622844
9 0.452516
2 0.479362
6 0.639599
7 0.671908
1 0.573541
