1 1.001504
3 0.617994
4 0.533054
6 0.695840
8 0.538799
9 0.629642
1 0.531309
2 0.726236
3 1.230417
5 0.548447
7 0.593952
0 0.399651
1 0.927760
2 0.616059
3 1.475093
4 0.697083
5 1.187862
9 0.641760
1 0.818162
2 0.477221
4 0.501416
5 0.640241
6 0.576556
8 0.555369
0 0.633000
1 0.494736
2 0.505638
3 1.263096
8 0.916912
9 0.453424
1 0.752304
3 0.661918
4 0.480867
7 0.545132
9 0.582699
1 0.476341
2 0.484587
3 0.636728
9 0.925017
0 0.573309
1 0.544381
2 0.542092
4 0.592944
6 0.550611
7 0.668225
9 0.641719
0 0.762039
1 0.466441
2 0.576032
3 0.634811
6 0.739067
8 0.926089
9 0.670427
1 0.524163
2 0.564531
4 0.644547
5 0.764928
6 0.621249
7 0.728001
9 0.544652
0 0.638143
1 0.550492
2 0.492112
3 0.607035
6 1.567147
8 0.727779
0 0.567980
1 0.536419
7 1.555051
0 0.769225
1 0.604265
2 0.572446
3 0.591501
4 0.693081
5 0.735929
8 0.611018
0 0.773932
1 0.464932
2 0.886450
5 0.758863
6 0.663250
7 0.668881
8 0.626476
9 0.647932
0 0.640404
1 0.472703
2 0.438244
4 0.902441
5 0.460122
6 0.575035
7 0.554027
9 0.559467
8 0.655888
1 0.386979
2 0.568456
3 0.656733
6 0.643540
9 0.571797
0 0.654744
1 0.481804
