2 0.987914
4 0.481797
6 0.530077
8 0.436968
0 0.357200
9 0.589498
7 0.595013
4 0.424638
3 0.526183
1 0.542478
0 0.419953
5 0.542899
6 0.628531
7 0.562059
9 0.450354
0 0.629299
2 0.538837
1 0.589778
8 0.515327
5 0.537126
4 0.635753
6 0.652168
7 0.623188
0 0.476748
3 0.421030
2 0.615915
9 0.498899
7 0.629761
4 0.451321
5 0.718211
9 0.486668
0 0.582830
1 0.916407
7 0.532837
8 0.607739
3 0.391946
2 0.549512
4 0.619174
6 0.686136
7 0.582389
9 0.465454
0 0.518840
1 0.439139
4 0.511442
5 0.532900
8 0.471807
6 0.509472
9 0.442980
2 0.491233
3 0.582116
7 0.649054
8 0.529366
9 0.556361
0 0.540556
1 0.535428
2 0.594382
5 1.559877
6 0.448708
7 0.536835
8 0.683648
9 0.532022
0 0.423017
3 0.484545
1 0.676742
4 0.389160
6 0.506613
7 0.648060
9 0.400545
5 0.520688
2 0.592860
1 0.582543
0 0.596117
7 0.404446
8 0.580645
3 0.407531
2 0.599720
6 0.495971
9 0.466881
1 0.432544
4 0.414112
5 0.488911
7 0.449088
1 0.540044
2 0.406991
8 0.535319
6 0.610083
3 0.485066
1 0.485329
0 0.469566
5 0.475132
7 0.440672
8 0.504943
4 0.430438
3 0.579823
1 0.622917
0 0.492592
6 0.487532
9 0.631760
7 0.557310
8 0.549486
