8 0.916990
3 0.421490
2 1.040217
7 0.544708
9 0.462361
6 0.409266
1 0.564095
6 0.772334
8 0.951341
7 0.693101
2 0.664020
7 0.509713
9 0.419337
4 0.942030
3 0.649274
1 0.676137
8 0.540409
7 0.767387
6 1.303622
1 0.621635
7 0.560569
2 0.504768
8 0.542337
1 1.105306
7 0.399228
2 0.455260
7 0.466184
2 0.487783
7 0.487983
3 0.448284
9 0.608502
4 0.432696
8 0.662320
3 0.505325
9 0.502794
1 1.148340
7 0.466289
2 1.559624
7 0.496449
2 0.451267
7 0.414242
8 1.528745
3 0.508347
8 0.593862
3 0.759519
7 0.383795
2 0.645326
7 1.757294
2 0.614243
7 0.553388
2 0.950734
6 0.668478
1 0.522222
0 0.650411
7 0.773378
9 1.264229
5 1.174067
8 1.033345
7 0.871100
2 0.644795
7 0.805077
2 0.541413
6 0.568301
1 0.432627
6 0.502049
9 0.737036
4 0.396095
8 0.908271
2 0.817813
7 0.429001
3 0.493034
8 0.488029
1 0.592373
5 0.517998
0 0.438228
4 0.822464
9 0.580010
8 0.847067
3 0.535620
2 0.970228
7 0.741418
1 0.736355
7 0.611287
9 0.494280
4 0.449174
8 0.553473
2 0.774988
7 0.426087
2 0.783666
7 0.477371
6 2.005268
1 0.342247
6 0.569080
0 1.049328
7 0.636279
1 0.684653
5 0.892973
9 0.528053
8 2.959922
4 0.569291
