1 0.657474
3 1.060398
6 0.711502
0 0.701143
5 0.584035
1 0.909759
8 1.091192
7 0.822598
3 0.620203
1 0.567159
9 0.639490
1 0.647711
5 0.848012
2 0.696353
7 0.819442
9 0.758391
4 0.670644
5 0.620344
0 0.335330
2 0.570058
1 0.701049
7 0.776007
4 0.555101
6 0.512742
0 0.574275
2 0.449146
4 0.857415
5 0.756383
7 0.828645
9 0.746355
1 0.576088
2 0.786872
4 1.000566
0 0.441056
8 0.641198
1 0.913558
6 0.503326
5 1.140789
1 0.503993
3 0.733587
0 1.007781
9 0.680957
8 0.785195
7 0.998852
2 0.527354
1 1.455406
4 0.458754
5 0.581822
0 0.568661
9 0.984889
7 0.718696
6 0.751073
2 0.844675
0 0.653031
5 0.527935
6 0.808014
8 0.616497
1 0.659467
5 0.462482
0 0.545346
9 0.782934
4 0.460545
2 0.671550
4 0.613216
5 0.792050
7 0.757660
1 0.670039
3 0.763655
5 0.747986
0 0.505727
9 0.663225
4 0.420919
2 0.679787
1 0.695948
0 0.571147
5 0.374013
6 0.656619
7 0.691713
8 0.694726
3 0.497768
4 0.596725
5 0.684992
6 0.725267
1 0.349647
2 0.603118
8 0.811152
4 0.910363
1 0.532091
9 0.639071
5 0.535361
2 1.658157
4 0.629521
0 0.499078
9 0.710015
5 0.811636
1 0.430715
3 0.796375
4 0.876586
0 0.436977
9 0.733143
