2 1.026066
4 1.055726
8 0.714810
0 0.672594
1 0.702164
3 0.665212
5 0.854801
6 0.753889
9 0.687559
7 0.656052
0 0.546794
1 0.648391
2 0.688625
3 0.664939
4 0.718488
5 0.638964
7 0.527297
8 0.527484
0 0.615717
1 0.618685
2 0.653562
3 0.592549
4 0.710158
6 0.555801
8 0.756103
7 0.716451
0 1.020687
1 0.631803
2 1.589196
8 3.634732
9 0.612671
0 0.615492
1 0.562490
2 0.962700
4 0.619182
5 0.694101
7 1.017040
0 2.387782
1 0.882431
4 0.650711
6 0.509739
9 0.515305
0 1.120731
1 0.489307
2 0.908236
7 0.913866
6 0.655671
3 0.538532
2 0.565543
1 0.709818
0 0.707385
8 1.017133
9 0.564144
0 0.572332
4 1.223228
5 0.709141
6 1.162737
7 1.411107
8 0.694474
9 0.713402
2 0.615048
3 0.761927
5 0.626392
6 0.655905
7 0.674879
8 0.664558
0 0.646147
1 0.614525
3 0.681504
4 1.089700
5 0.620846
6 0.927793
8 0.696062
9 0.699173
0 0.534212
2 0.505100
3 0.926603
6 0.751085
8 0.540753
7 0.655556
4 0.522577
5 0.730721
1 0.869719
0 0.651511
9 0.654489
8 0.657467
0 0.628378
2 0.489976
3 0.700817
4 0.727911
5 0.800161
6 0.959926
7 0.608974
8 0.633256
9 1.606680
0 0.655460
1 0.634383
2 0.615996
3 0.754875
4 1.592465
