1 0.873863
4 0.543750
7 0.637467
0 0.509689
3 0.554821
6 0.688835
9 0.713133
3 0.462815
6 0.764392
0 0.476761
3 0.605001
8 0.605205
2 0.533425
7 0.552473
4 0.790001
1 0.771663
8 0.606598
3 0.790824
6 0.756555
0 0.396961
4 0.493195
8 0.471961
3 0.373725
7 1.112384
1 0.438342
7 0.550520
4 0.572185
0 0.567020
4 0.535355
7 0.522263
2 0.474472
8 0.855992
4 0.643029
7 0.579351
1 0.582272
7 0.545307
4 0.430824
8 0.724373
2 0.484762
5 0.540880
8 0.671804
2 0.373463
5 0.752229
8 0.646065
2 0.518301
6 0.582523
0 0.460170
3 0.423121
8 0.428666
2 0.450140
7 0.485087
1 0.397289
4 0.573483
9 0.376464
6 0.675356
3 0.760862
7 0.521302
2 0.553456
6 0.559099
1 0.455338
5 0.530217
8 0.653235
2 0.511980
7 0.533806
4 0.456627
9 0.475619
3 0.345030
7 0.414731
1 0.385460
7 0.502961
3 0.476670
7 0.484792
1 0.541051
5 0.607878
9 0.800277
4 0.272635
8 0.558116
3 0.254359
6 0.449201
1 0.420120
6 0.542958
0 0.372518
4 0.583444
6 0.764985
1 0.397500
9 0.653632
3 0.368557
7 0.440834
1 0.464924
5 0.790526
0 0.716237
4 0.428550
8 0.498009
3 0.349056
6 0.754484
1 0.576138
5 0.411043
9 0.582067
3 0.360927
7 0.465192
