2 0.626465
5 0.695908
8 0.459047
0 0.453981
4 0.352898
3 0.510308
7 0.611939
4 0.551001
5 0.780383
1 0.567470
9 0.583823
6 0.749342
2 1.026978
4 0.512766
5 0.798271
1 0.462689
8 0.732349
6 0.735190
0 0.490189
9 0.541193
4 0.584013
7 0.637634
2 0.373937
4 0.536809
9 0.571602
6 0.678587
3 0.582979
1 0.636569
5 0.532822
0 0.431841
8 0.653340
4 0.640307
3 0.560573
7 0.544890
6 1.022304
2 0.532185
9 0.503114
4 0.628740
6 0.578346
5 0.461200
1 0.384078
8 0.565760
2 0.533832
9 0.608824
7 0.721100
4 0.473417
6 0.543026
0 0.404658
4 0.540890
5 0.887602
7 0.616060
9 0.619047
2 0.541978
3 0.544993
1 0.574498
8 0.961340
0 0.617896
5 0.540747
4 0.679660
7 0.496046
6 0.642956
3 0.443243
1 0.859301
8 0.582471
9 0.625383
7 0.615006
3 0.449886
0 0.612832
4 0.543826
5 0.645494
1 0.485769
6 0.589860
8 0.483443
3 0.659696
7 0.726682
0 0.431097
9 0.620644
4 0.503508
5 0.637065
1 0.381452
6 0.616341
9 0.531226
2 0.574111
7 0.585016
6 0.726580
3 0.415048
4 0.657929
1 0.348976
9 0.546356
7 0.479924
0 0.536122
8 0.635062
4 0.480842
5 0.656950
0 0.475819
9 0.651944
6 0.815047
1 0.442186
3 0.618330
7 0.629330
