5 1.145200
2 0.799155
7 0.823422
3 0.741072
2 0.847959
2 0.920412
9 0.736877
8 1.227825
9 1.345573
5 0.975414
5 0.866559
1 0.816201
2 0.979209
3 0.982343
2 1.307943
1 1.177800
1 0.805113
6 0.741376
4 0.704375
9 0.917927
0 0.790360
0 0.756114
1 0.724429
5 0.740727
6 0.935623
5 0.794817
8 0.656465
4 0.707254
2 0.737124
8 0.556040
1 0.476293
5 0.540547
2 0.527503
5 0.751688
8 0.493614
5 0.560316
1 0.632478
5 0.678096
4 0.678532
3 0.758705
9 0.727098
8 0.591291
7 0.844964
8 0.661379
0 0.816246
3 0.603351
3 0.771482
0 0.606702
0 0.670884
9 0.796465
9 0.932792
4 0.799834
5 0.824331
4 0.605905
8 0.718177
3 0.670601
9 0.548161
0 0.585789
5 0.919292
8 0.591705
3 0.773268
0 0.616291
5 0.459317
0 0.582190
1 0.705088
1 0.774679
5 0.665727
7 0.807323
3 0.543794
4 0.661323
9 0.760276
8 0.600644
9 0.704841
0 0.590492
1 0.652104
5 0.759044
7 0.687415
4 0.655682
3 0.618644
9 0.693666
7 0.632650
2 1.222204
9 0.587956
2 0.625631
5 0.631267
8 0.716965
3 0.541292
6 0.712070
8 0.701801
3 0.576824
6 0.739569
0 0.526616
1 0.710886
0 0.668546
1 0.562252
5 0.514448
4 0.679954
4 0.872216
6 0.702077
7 0.712992
