8 1.315178
7 0.737265
6 0.700279
4 0.759152
3 0.631534
2 0.669242
1 1.154561
0 0.960479
9 0.560977
8 0.825254
7 0.918720
5 0.695341
4 0.538333
3 0.733132
2 0.568103
1 0.560411
0 1.232553
9 0.646487
8 0.886803
7 0.847170
6 0.775504
5 0.530535
4 0.621485
3 0.656333
2 0.819330
1 0.678282
0 0.558679
9 0.583022
8 0.708843
7 0.634118
6 0.591859
5 0.685299
4 0.557717
3 0.470045
2 0.675465
1 0.977091
0 0.492131
9 0.663086
8 0.588784
7 0.618301
6 0.853230
5 1.312184
4 0.726162
3 0.582477
2 0.673356
1 1.295055
0 0.618224
9 0.732950
8 0.808071
7 0.696432
6 0.747586
5 0.881083
4 0.521594
3 0.737824
2 0.644720
1 0.701056
0 0.735920
9 0.459066
8 0.582018
7 0.608906
6 0.817060
5 0.524184
4 0.484460
3 0.636678
2 0.564950
1 0.669114
0 0.618760
9 0.965708
8 0.582124
7 0.593014
6 0.758603
3 0.687016
2 0.807383
1 0.599740
0 0.559966
9 0.760069
8 0.720517
7 1.136752
5 0.644044
4 0.436232
3 0.548522
2 0.961996
1 0.666481
0 0.752000
9 0.589713
8 0.555455
7 0.496921
6 0.755861
5 0.476289
4 0.684473
3 0.732689
2 0.479761
1 0.583912
0 0.573538
9 0.488572
8 0.816692
7 0.659712
6 0.678680
5 0.702948
4 0.508679
