1 0.928535
8 1.312899
3 0.854700
0 0.921754
5 0.906201
2 1.079825
7 0.864275
3 0.974024
9 1.016986
4 0.868093
2 1.121812
1 0.994331
7 0.936084
8 0.723132
6 0.771294
4 1.166217
2 1.110791
9 1.124567
5 0.989135
0 0.834856
4 0.760509
1 0.760842
7 1.161110
9 0.913644
3 1.255310
4 0.834450
6 0.816150
7 0.883148
1 0.883466
4 0.875957
5 0.748350
9 0.761982
0 0.674333
3 0.687944
2 0.712205
4 0.813747
7 0.768853
4 0.793277
6 0.630907
8 0.660551
9 0.711501
1 0.549143
3 0.730686
2 0.781702
0 0.656758
5 0.659629
8 0.766664
9 0.718973
3 0.655169
2 0.858140
1 0.757230
6 0.645515
5 0.685800
7 0.526251
8 0.654427
3 0.537364
5 0.668225
1 0.449979
4 0.940797
2 1.175773
0 0.763004
9 0.755335
8 0.760940
2 0.665259
1 0.750815
4 0.604611
6 0.684871
5 0.669156
0 0.562856
7 0.675111
2 0.584705
8 0.558233
9 0.798543
3 0.606847
1 0.767179
2 0.775578
4 0.714574
6 0.592291
8 0.629726
0 0.547484
1 0.673064
4 0.606609
5 0.846927
8 0.639345
9 0.679562
2 0.687814
4 0.568244
3 0.888340
0 0.633006
7 0.526452
5 0.710587
8 0.652205
9 0.591204
0 0.564836
1 0.589022
3 0.578662
6 0.677740
5 0.725951
8 0.838171
9 0.678634
