8 1.094405
0 0.937607
1 0.860583
2 0.703658
3 0.869407
4 1.202903
5 1.027570
6 1.273203
8 1.071054
9 1.068816
1 0.786645
2 1.808044
3 0.872856
4 1.526500
5 1.303083
6 1.580935
7 1.656280
8 1.635474
0 3.155878
1 0.773397
2 1.032324
3 1.222069
4 1.145202
5 1.198997
8 2.103334
9 1.773464
7 2.184647
8 1.534877
9 0.562326
1 0.786517
2 0.696272
3 1.187119
4 1.472931
5 1.070903
6 1.292626
7 1.575755
8 1.131074
9 1.742105
0 1.884014
1 0.940869
2 1.591822
3 0.789951
4 0.811628
5 0.814604
6 1.345595
7 0.887526
8 0.903823
9 0.597674
0 0.605883
1 0.942063
2 1.145136
3 1.502784
4 1.204717
5 0.701334
6 3.311798
8 1.334731
9 2.081688
0 0.610725
1 0.613669
2 0.632662
3 0.950246
4 1.083934
5 1.012387
6 0.767451
7 0.831832
8 1.269438
9 0.619432
0 0.798349
1 1.350514
2 1.292247
3 1.223577
4 0.837447
5 0.597904
6 0.710210
7 1.227723
8 0.969477
9 0.676528
0 0.988847
1 0.634630
2 0.576370
3 0.891212
4 1.006195
5 0.838626
6 0.695123
7 0.730012
8 1.276960
9 0.789476
0 0.603191
1 0.931201
2 1.270420
3 0.580395
4 0.711304
5 2.068727
6 1.106839
7 0.944684
8 1.094444
9 0.857503
0 0.732670
1 0.911599
2 0.653371
