8 0.742616
6 0.660370
4 0.647346
1 0.623635
9 0.653249
3 0.456197
7 0.563050
1 0.763283
5 0.483623
9 0.692018
4 0.542887
1 0.772522
6 0.807541
8 0.711744
3 0.477516
4 0.741666
9 0.624714
2 0.710286
6 0.819953
1 0.998948
5 0.639284
9 0.663715
3 0.701197
7 0.528301
2 0.712575
5 0.814157
0 0.713157
4 0.598877
8 0.599051
4 0.591438
9 0.660945
3 0.503956
5 0.605583
0 0.541832
6 0.680799
1 0.464970
7 1.054471
3 0.425781
4 0.895222
9 0.738145
2 0.901192
5 0.624349
8 0.725836
2 0.446199
7 0.830473
3 0.628078
6 0.897717
1 0.596879
4 0.660966
8 0.679991
5 0.704361
0 0.645975
3 0.814314
7 0.513383
8 0.894850
2 0.561867
5 0.618142
0 0.653082
4 0.624027
9 0.725664
3 0.710039
7 0.803676
2 0.683930
6 0.660248
0 0.799286
5 0.663686
1 0.637324
4 0.757452
7 0.733790
9 0.664825
4 0.534469
7 0.761422
3 0.545829
8 1.039234
2 0.591696
5 0.717390
0 0.637610
4 0.661994
8 0.648944
2 0.785207
7 0.798863
3 0.775258
8 0.602213
4 0.682305
9 0.802816
5 0.874983
0 0.640721
7 0.945027
4 1.070817
8 0.972532
2 0.911599
6 0.717372
1 0.821703
5 0.704641
9 0.758431
8 0.894649
3 0.545661
4 0.911295
6 0.837054
1 0.565413
