2 0.888770
4 0.985066
7 0.798923
5 0.575212
1 0.834204
2 0.855821
9 0.522876
5 0.571091
3 0.541974
1 0.568900
8 0.505241
6 0.598785
4 0.574957
1 0.585841
1 0.887541
9 0.487910
6 0.544115
7 0.645747
3 0.430119
1 0.491700
5 0.534526
4 0.465491
2 0.543111
7 0.428570
3 0.666112
9 0.495859
0 0.538706
1 0.557649
5 0.461856
7 0.504858
6 0.438442
5 0.470594
4 0.500248
2 0.830997
3 0.708704
8 0.546352
9 0.647935
1 0.536302
3 0.483265
6 0.515370
5 0.424958
0 0.662535
1 0.604110
9 0.508531
8 0.506164
2 0.479546
4 0.583882
3 0.589540
6 0.507161
5 0.616641
7 0.987592
1 0.417407
8 0.500088
3 0.583139
1 0.436770
2 0.517003
5 0.533245
6 0.728027
9 0.568472
1 0.568766
2 0.632993
6 0.438726
7 0.710796
1 0.724569
9 0.580664
4 0.479768
3 0.432018
6 0.533559
7 0.568432
0 0.704689
1 0.566292
2 0.598611
7 0.430882
4 0.492454
2 0.511311
9 0.676866
0 0.573207
1 0.608034
3 0.744592
5 0.510056
6 0.579639
4 0.566529
2 0.750868
2 0.900482
7 0.655536
2 0.530563
7 0.453495
0 0.480305
9 0.480633
8 0.920770
1 0.497235
3 0.524171
4 0.764375
5 0.452722
5 0.447575
0 0.503834
1 0.565317
2 0.869565
3 1.371220
4 0.798492
