2 1.000621
4 0.585013
7 0.462664
0 0.452239
4 0.607167
1 0.399430
6 0.591597
5 0.557332
0 0.453467
4 0.512447
3 0.630015
2 0.675553
0 0.801137
7 0.401555
9 0.497827
4 0.484633
1 0.428903
2 0.970372
0 0.613542
7 0.840593
9 0.592863
5 0.542464
2 0.769309
1 0.524432
8 0.980657
4 0.671647
0 0.789331
3 0.651001
2 0.885796
8 0.918243
7 0.534821
5 0.705653
0 0.831116
4 0.772944
3 1.311766
8 0.621792
2 0.992601
7 0.470436
2 0.452048
1 0.558907
5 0.711192
4 0.716874
0 1.277021
7 0.469602
3 0.731122
9 0.622229
2 0.449186
7 0.553413
6 0.622890
1 0.940530
4 0.511712
5 0.493193
8 0.656108
2 0.459144
3 0.534055
6 0.528895
9 0.697081
4 0.764102
2 0.540421
3 0.615336
6 0.610370
0 0.637338
4 0.957480
3 0.973847
1 0.513025
7 0.518650
5 0.638811
4 0.735132
0 0.562196
2 0.522315
6 0.658601
8 0.653591
2 0.760508
4 0.760931
6 0.625237
0 0.526891
2 0.479155
5 0.583314
8 0.692969
6 0.623853
0 0.485592
2 1.229693
9 0.787513
7 1.401046
2 0.673801
3 0.463468
5 0.916960
3 1.277258
1 0.709811
8 0.691587
9 0.654441
1 0.537522
4 0.572424
6 0.831313
0 0.740902
3 0.727944
4 0.608300
5 0.560557
0 0.584787
8 0.630482
