1 1.064783
3 0.405675
9 0.374740
5 0.441652
2 0.489816
0 0.564697
4 0.868981
7 0.394646
9 0.456193
3 0.419131
1 0.646035
6 0.406240
7 0.462527
4 0.545507
1 0.550894
5 0.428654
9 0.946008
6 0.551901
3 0.413458
0 0.536373
6 0.555278
2 0.704871
9 0.582451
5 0.452057
1 0.454935
8 0.385992
4 0.503439
0 1.124796
7 0.653403
4 0.352391
1 0.429953
9 0.443392
6 0.395615
2 0.921220
0 0.489670
9 0.484545
8 0.604749
5 0.405005
2 0.493237
9 0.991987
4 0.429922
2 0.547557
0 0.417126
9 1.163879
8 0.492390
6 0.519326
4 0.399551
2 0.583717
0 0.356926
9 0.685537
6 0.589861
4 0.419399
2 0.686321
0 0.454634
9 0.585446
6 0.519175
3 0.599385
1 0.479668
9 0.463960
6 0.397487
4 0.637748
2 0.566020
9 0.406333
6 0.614484
4 0.537479
2 0.700361
9 0.559298
7 0.399561
3 0.623727
1 0.677356
9 0.549725
5 0.459329
9 2.069907
4 0.412289
8 0.591111
6 0.836788
2 0.573203
9 0.479996
7 0.560362
3 0.600543
0 0.616824
6 0.563874
2 0.628030
8 0.521631
4 0.409951
1 0.612778
9 0.543805
6 0.437308
3 0.453598
0 0.544406
8 0.829895
3 0.515644
1 0.689254
9 0.660297
5 0.615337
1 0.546134
8 0.679757
3 0.408024
1 0.416384
6 0.971202
