3 0.796855
9 1.013089
4 0.576234
5 0.499179
0 0.558138
6 0.638359
1 0.470730
2 0.756299
7 0.444590
0 0.620855
4 0.583856
9 0.341537
5 0.536037
1 0.491149
3 0.806039
6 0.526316
8 0.726715
0 0.670972
1 0.492635
4 0.551603
5 0.684996
6 0.605397
9 0.557704
2 0.957884
4 0.734270
5 0.593215
6 1.574760
0 0.690180
7 0.605203
9 0.525423
1 0.581632
2 0.648685
5 0.560968
6 0.561186
0 0.569506
3 0.868346
8 0.458116
4 0.436427
9 0.501243
1 0.511973
6 0.549652
1 0.523151
2 0.971245
7 0.654546
0 0.601598
5 0.505810
1 0.399487
3 0.791638
8 0.869234
9 0.786949
4 0.448664
0 0.696811
6 0.611939
1 0.526760
5 0.543086
0 0.380622
3 0.607512
6 0.511777
1 0.605347
7 0.677661
9 0.621844
3 0.520869
6 0.721155
0 0.449424
3 0.540273
5 0.615284
0 0.554210
2 1.495602
1 0.547008
7 0.400616
9 0.584709
4 0.310512
7 0.643845
2 0.372271
6 0.495055
0 0.418068
3 0.477594
6 0.757132
9 0.437461
4 0.341723
5 0.608472
8 0.704835
3 0.470539
7 0.564059
1 0.476297
5 0.356621
0 0.820609
3 0.671699
8 0.421438
3 0.464247
6 0.493833
9 0.672746
4 0.406332
7 0.758519
1 0.687102
6 0.615215
1 0.466217
8 0.615816
3 0.290683
0 0.637517
