3 0.894892
9 0.401957
4 0.386196
0 0.463749
5 0.381325
9 0.216132
2 0.442944
6 0.523205
0 0.331415
6 0.774198
3 0.569319
8 0.372194
1 0.463073
5 0.420668
0 0.303548
4 0.301170
8 0.327841
3 0.376049
9 0.474934
4 0.512438
8 0.718056
1 0.350484
6 0.467858
1 0.465454
6 0.575081
0 0.682030
3 0.450289
6 0.469241
1 0.626734
5 0.544310
8 0.445984
3 0.638158
9 0.438526
4 0.254822
9 0.401617
7 0.625734
2 0.383305
0 0.468923
5 0.458561
9 0.357386
4 0.413626
7 0.480483
2 0.616548
6 0.387540
1 0.257294
8 0.427384
4 0.409668
9 0.324468
3 0.284557
7 0.476794
2 0.380979
9 0.575865
5 0.442879
0 0.451040
4 0.453954
7 0.520895
2 0.601128
8 0.377451
3 0.484299
9 0.404468
5 0.548771
0 0.226368
4 0.431744
8 0.533190
3 0.727586
8 0.376523
2 0.411213
7 0.446274
1 0.798536
6 0.446933
0 0.446964
5 0.311395
9 0.364920
4 0.405043
8 0.477219
2 0.333502
9 0.408289
4 0.320586
8 0.488641
3 0.272991
0 0.374476
5 0.321355
0 0.313619
1 0.878906
8 0.479485
4 0.631561
9 0.261310
3 0.535957
2 0.626950
7 0.376590
1 0.451434
6 0.486377
8 0.422579
3 0.380237
0 0.431078
5 0.388630
9 0.282225
4 0.266354
1 0.647828
7 0.311976
