0 1.517256
9 0.933951
5 0.793014
1 0.726723
3 0.791004
7 0.572249
2 1.071513
5 0.637413
0 0.733677
7 0.488621
2 1.056840
5 0.811886
6 0.750988
1 0.580711
4 0.631600
9 0.573166
6 0.744091
3 0.749723
2 0.883222
7 0.587826
1 0.865381
8 0.935029
5 0.746217
9 0.647901
3 0.648047
5 0.984393
0 0.702089
4 0.473258
8 0.974747
1 0.633748
4 0.607339
7 0.871716
2 1.037265
4 1.053794
0 0.576947
5 0.539728
7 0.558714
2 1.078989
3 0.663343
8 0.956959
9 0.621481
5 0.640446
1 0.712623
4 0.774332
6 0.761276
9 0.745616
3 0.535370
2 0.914234
8 0.927803
7 0.936238
1 0.715357
4 0.664989
9 0.478640
6 0.694922
0 0.409834
5 0.564781
4 0.733019
1 0.871907
7 0.573758
8 0.928582
2 0.857043
4 0.788029
9 0.617813
1 0.612715
5 0.591638
6 1.117107
9 0.533621
2 0.592581
4 0.878152
1 0.710539
7 0.556178
0 0.708549
5 0.826099
6 0.583776
2 0.853373
4 0.752475
5 0.765971
8 0.494416
0 0.881276
1 0.537639
2 0.780627
5 0.743645
6 0.661271
9 0.760283
8 0.904466
6 1.166232
0 0.814787
1 0.537690
4 0.604620
2 0.836991
5 0.877273
6 0.869696
9 0.947329
1 0.617105
4 0.979983
7 0.967015
8 1.023405
1 0.701210
3 0.944172
9 0.741860
