0 0.517153
8 0.480007
5 0.488373
8 0.848503
3 0.840867
7 0.625276
2 0.726908
6 0.535261
1 0.578080
7 0.877041
9 0.733463
8 0.992339
7 0.598131
6 0.654414
8 0.801352
3 0.537640
9 1.284610
5 0.637226
1 0.709414
3 0.651043
8 0.677974
7 0.750334
2 0.571996
6 0.671007
9 0.948584
4 0.706230
1 0.671889
6 0.613644
7 0.632572
8 2.061847
3 0.596209
2 0.756590
7 0.516886
1 0.685025
6 0.509406
9 0.731033
4 0.358060
9 0.534148
8 0.593122
3 0.510667
8 0.580371
2 0.463270
7 0.396857
1 0.492997
6 0.527924
0 0.680032
4 0.928368
9 0.552690
3 0.470395
8 0.747989
2 1.225487
7 0.559514
2 0.447692
7 0.495997
1 0.786704
6 0.744530
4 0.990078
9 0.595882
6 1.476120
3 0.892691
8 0.503903
4 0.837318
9 0.685714
5 0.502039
7 0.904890
2 0.542721
6 0.612226
1 0.855139
8 0.826234
0 0.615965
5 0.546912
8 1.096373
3 0.411379
7 0.486433
9 0.886681
6 0.543060
2 0.644562
5 0.844942
0 0.597346
4 0.677421
1 1.069749
8 0.643631
7 0.739681
9 0.614880
4 0.625873
1 0.607406
5 0.759651
0 0.511956
6 0.549685
1 0.531189
4 0.982158
9 0.513301
3 0.486867
8 0.862990
2 0.476844
7 0.844925
1 0.477311
6 0.437502
0 0.405829
5 0.597971
