2 0.808769
6 0.569129
1 0.401302
0 0.921568
4 0.458072
9 0.468895
7 0.546381
1 0.296056
2 0.562878
3 0.611082
8 0.814058
0 0.641123
3 0.793316
6 0.670948
1 0.356740
5 0.612776
0 0.407793
7 0.799906
1 0.320365
3 0.624588
9 0.534142
7 0.656931
1 0.356107
2 0.564141
4 0.924353
0 0.748850
2 0.762445
6 0.418907
0 0.661684
1 0.728626
2 0.809031
7 0.340018
2 0.470973
4 0.468376
9 0.498020
8 0.708857
0 0.794547
1 0.536068
2 0.467245
5 0.704742
2 0.454093
8 0.529233
6 0.676165
1 0.364540
0 0.724659
7 0.716943
3 0.661236
8 0.512075
4 0.437914
2 0.557977
9 0.494362
5 0.657185
1 0.404275
5 0.620387
0 0.327369
7 1.047496
0 0.416022
1 0.658868
3 1.245622
4 0.758353
1 0.382617
7 0.388255
0 0.761747
5 0.658015
0 0.477438
1 0.621252
8 0.480163
2 0.720317
6 1.040701
1 0.857151
5 1.188114
0 0.346070
2 0.591601
7 1.332995
0 0.672392
4 0.590037
1 0.667420
8 0.577235
2 0.588102
1 1.761547
0 0.602358
6 0.778548
0 0.581720
3 0.592508
9 0.638250
1 0.494498
8 0.937377
1 0.555878
8 0.748654
2 0.378361
4 0.677274
1 0.741356
7 0.672551
0 0.694118
3 0.361104
8 0.433377
0 0.526921
4 0.631117
5 0.588724
1 0.658283
