2 1.505036
7 0.583336
3 1.292809
9 1.207882
5 1.000560
0 0.728865
4 1.121206
7 1.521588
1 0.562266
6 0.618642
8 1.333493
9 1.128676
6 1.248977
1 0.620264
5 0.935242
0 0.978240
2 1.085309
4 1.133692
8 0.553045
0 0.694499
6 0.705474
2 0.863096
1 1.276946
8 0.853261
5 0.944335
7 0.613983
9 0.689091
4 0.817275
0 0.612335
2 0.775357
6 0.497766
3 0.565127
8 0.821351
1 1.080354
9 0.904927
5 1.166523
3 0.647068
5 1.215282
7 0.690462
0 1.173417
9 0.656701
3 1.195500
1 0.684068
2 1.196236
7 0.500882
6 0.751492
5 0.749440
0 0.874994
4 0.544763
9 0.758319
3 1.174638
5 0.833855
8 0.511567
7 0.733016
3 0.536063
9 0.962830
1 0.611424
6 0.566300
5 0.798566
0 0.734872
9 0.873945
8 0.607607
3 0.399916
1 0.783924
4 0.925687
0 0.902059
5 0.401256
7 0.609423
2 1.076297
8 0.452743
9 0.679671
5 0.615906
6 1.354720
3 0.816673
1 0.667805
4 0.617433
7 0.644411
6 0.732605
5 0.943564
1 1.213239
9 0.592458
5 0.694104
3 0.633066
0 0.494707
8 0.913591
5 0.503288
4 0.932858
1 0.560002
9 0.608271
8 0.944435
6 0.846114
5 0.502567
7 1.068065
2 0.385956
0 0.639437
4 0.583798
9 0.765309
7 0.749623
3 0.779335
1 0.926240
