4 1.449102
6 0.652479
8 0.823421
1 0.509008
5 0.674636
8 0.720292
0 0.688542
3 0.680863
6 0.809200
9 0.748074
4 0.817893
1 0.620918
3 1.119726
8 0.624330
6 0.589901
1 0.659553
2 0.638562
8 0.534712
3 0.441619
5 0.769763
8 0.676987
0 0.741226
7 0.704211
3 0.541669
4 0.568823
9 0.475617
2 0.513241
5 0.558922
9 0.510966
3 0.500776
7 0.751600
0 0.589194
4 0.458939
1 0.573719
6 0.624652
9 0.565808
3 0.414606
8 0.505441
2 0.503099
7 0.556553
3 0.420845
9 0.511751
4 0.573415
0 0.712241
2 0.741794
7 0.672957
9 0.582606
5 0.420040
1 0.566982
6 0.623220
8 0.692779
3 0.511905
7 1.013281
4 0.616497
1 0.659345
9 0.838333
6 0.646712
1 0.527083
2 0.623260
7 0.508977
3 0.586485
8 0.464056
0 0.653681
2 0.488710
5 0.560933
9 0.481129
1 0.625334
3 0.550957
8 0.500673
5 0.615557
1 0.546404
2 0.711912
8 0.541586
5 0.576751
1 0.675444
7 0.665200
4 0.646865
2 0.614861
0 0.753917
9 0.655705
7 0.770673
5 0.581764
2 0.504673
9 0.990038
4 0.595936
1 0.804199
8 0.596519
3 0.796706
4 0.837048
8 0.725451
9 0.557761
6 0.678061
2 0.622395
8 0.753272
4 0.670957
1 0.628675
9 1.018066
7 0.717268
5 0.613618
3 0.528575
