0 1.139144
1 1.182291
2 0.668205
4 0.809765
9 0.820839
7 0.887792
5 0.880063
0 0.936504
4 0.571589
1 0.822582
9 0.844235
7 0.868524
5 0.722258
4 0.930482
2 0.629704
0 0.787287
3 0.872982
8 1.022511
9 0.876360
1 0.596787
4 0.653132
6 0.655858
0 0.659015
5 0.597762
1 0.766116
2 0.686565
6 0.886803
8 0.743249
4 0.956734
3 0.741154
0 0.720261
9 0.760485
7 0.800879
6 0.873135
2 0.886826
5 0.695289
3 0.642219
0 0.794421
8 1.008198
1 0.656550
4 0.683401
2 0.787708
9 0.777435
1 0.668558
4 0.810088
5 0.685189
8 0.757413
1 0.981737
4 1.328814
5 0.860037
0 0.511083
7 0.516780
2 0.852955
3 0.639940
6 1.000109
9 0.768678
1 0.672953
3 0.774631
6 0.985483
9 0.687372
1 0.735629
0 0.818646
7 0.949585
2 0.899381
3 0.598424
6 1.590470
8 0.668540
1 0.874243
2 0.775931
4 0.754994
5 0.752517
6 0.782343
8 0.881356
1 0.433603
9 0.879137
0 0.543593
3 0.693145
5 0.840076
6 0.560553
1 0.968934
2 0.651692
4 1.558612
8 0.903563
1 0.885022
9 0.653472
5 0.808367
0 0.624856
2 0.702302
4 0.945291
3 1.071079
8 0.620755
9 0.871767
1 0.549525
5 1.178965
7 0.726130
0 0.750503
3 0.628262
1 0.721729
7 0.570106
4 0.621042
