2 0.806444
4 0.502944
7 0.564392
6 0.820678
8 0.823585
1 0.589448
4 0.483009
8 0.827185
2 0.680893
5 0.497283
9 0.396183
3 0.924281
6 0.508559
7 0.586335
1 0.567977
3 0.455991
8 0.627126
1 0.520724
5 0.521015
2 0.601391
6 0.473413
7 0.623097
0 0.492597
4 0.559488
8 0.471854
1 0.349379
6 0.698924
3 0.525930
9 0.414268
2 0.481087
7 0.481277
4 0.753408
3 0.695140
8 0.466199
1 0.431693
6 0.445237
8 0.669440
2 0.323073
3 0.547297
6 0.664851
9 0.470485
4 0.612064
8 0.399037
2 0.511190
6 0.460731
0 0.551712
4 0.517333
7 0.517496
1 0.429801
3 0.443304
6 0.491555
1 0.598460
7 0.422780
2 0.436342
3 0.548538
8 0.410136
0 0.740860
4 0.424006
5 0.677515
9 0.677821
2 0.766129
1 0.742473
6 0.468102
3 0.593698
7 0.519300
0 0.463505
1 0.501104
4 0.488003
5 0.600224
8 0.856549
1 0.651423
2 0.742404
5 0.628083
6 0.689847
8 0.444825
2 0.421062
3 0.479901
9 0.415981
4 0.506974
1 0.504543
8 0.630159
0 0.611563
5 0.430661
6 0.756193
7 0.532670
1 0.495655
3 0.386484
4 0.519980
9 0.472284
5 0.405872
1 0.501991
7 0.424943
0 0.398455
3 0.446659
5 0.454889
7 0.425900
3 0.735272
1 0.482320
7 0.282638
0 0.418787
