2 0.884271
8 0.546088
9 0.671694
4 0.565296
6 0.613647
0 0.640545
3 0.568790
7 0.577116
1 0.643856
1 1.252282
4 0.655479
8 0.546423
0 0.695883
7 0.522492
5 0.763218
2 0.635654
3 0.681226
4 0.673461
7 0.679064
6 0.719364
0 0.663731
9 0.669283
0 0.682923
1 0.595262
4 0.712842
8 0.702530
2 0.820152
6 0.639190
7 0.705869
9 0.607882
8 0.656018
4 0.659016
6 0.749944
3 0.699608
1 0.622644
2 0.732301
0 0.623296
5 0.620980
0 0.631829
9 0.621517
4 0.648324
3 0.728567
8 0.696996
7 0.659822
2 0.486899
1 0.543154
6 0.668702
7 1.034327
9 0.528096
0 0.488344
4 0.528619
2 0.528807
1 0.529183
6 0.649381
5 0.700307
3 0.551341
7 0.580872
9 0.615757
8 0.562768
1 0.603005
2 1.067167
4 0.529044
3 0.673292
5 0.559034
7 0.599673
0 0.535458
9 0.562421
4 0.658623
5 0.581594
1 0.464571
0 0.686151
6 0.630384
7 0.580147
8 0.510944
3 0.588664
2 0.562163
1 0.618408
4 0.597341
5 0.501710
6 0.576636
0 0.459436
7 0.502503
3 0.667962
8 1.553496
4 0.535345
1 0.570515
9 0.597407
4 0.509695
5 0.515208
0 0.512656
2 0.510404
7 0.539980
6 0.694870
1 0.428571
3 0.570170
8 0.733081
9 0.567950
7 0.656327
4 0.539188
3 0.534210
