0 0.722130
2 0.597250
5 0.781502
7 0.560553
8 0.544741
9 0.486461
2 0.334710
4 0.569545
3 0.564388
6 0.748767
5 0.954336
7 0.648020
8 0.720350
1 0.496682
3 0.611601
0 0.606494
8 0.614862
9 0.593782
1 0.519410
4 0.447591
2 0.519857
5 0.503977
7 0.597695
3 0.477966
4 0.702183
9 0.569103
8 0.705455
1 0.423094
2 0.612670
5 0.559549
7 0.527816
0 0.639918
9 0.504354
4 0.406074
3 1.054042
6 0.513279
1 0.566823
8 0.607057
4 0.583359
1 1.044791
3 0.661449
0 0.552358
8 0.525909
5 0.566174
7 0.526399
9 0.566752
1 0.558940
3 0.479174
5 0.503437
7 0.469085
1 0.602592
3 0.482888
0 0.483176
9 0.691355
2 0.430345
4 0.667748
7 0.681518
8 0.513812
9 0.519412
1 0.583673
2 0.477186
3 0.493448
5 0.704379
6 0.438002
7 0.558311
0 0.526573
1 0.782810
2 0.468431
3 0.849874
4 0.940997
6 0.808056
8 0.856421
9 0.515345
5 0.689101
2 0.852021
9 0.775028
0 0.538036
4 0.493023
6 0.471779
8 0.565392
1 0.421669
4 0.432620
6 0.646077
9 0.686462
1 0.558733
3 0.519030
5 0.423301
8 0.524771
7 0.629033
3 0.682645
9 0.642962
6 0.707276
0 0.488844
2 0.545142
4 0.518694
6 0.519035
8 0.487195
1 0.447460
3 0.559767
5 0.535981
