1 1.138190
6 0.829537
5 0.699285
4 0.814153
0 0.793192
8 0.854877
7 0.753828
3 0.775428
6 0.730564
4 0.853483
1 0.736535
2 0.851487
4 0.814516
5 0.673691
6 0.863261
0 0.644954
9 0.813167
8 0.640181
7 0.840465
3 0.608760
2 0.873029
1 0.614915
6 0.793723
4 0.759467
2 1.159677
0 0.616261
8 0.651191
6 0.670087
5 0.683767
2 0.668046
0 0.609716
3 0.596662
4 0.836880
5 0.693288
6 0.800256
7 0.696503
8 0.643648
9 0.563842
0 0.908091
1 0.681797
3 0.754111
4 0.703771
6 0.781418
8 0.704412
9 0.574032
4 0.713039
2 0.774693
1 0.577646
0 0.788566
6 0.626279
5 0.695874
4 0.730850
8 0.741843
3 0.744792
1 0.638563
2 0.758748
0 0.679207
9 0.655478
8 0.674397
6 0.624074
5 0.717627
1 0.509939
3 0.643353
4 0.899648
5 0.734908
8 0.721792
7 0.714021
3 0.799705
0 0.560160
1 0.800443
2 0.688773
3 0.889023
4 1.067959
5 0.673945
6 1.007405
7 0.687876
8 0.640220
9 1.008397
0 0.656921
1 0.635668
2 1.180002
7 0.391308
6 0.628917
5 0.666480
4 0.712028
6 0.677799
7 0.557998
9 0.638238
0 0.670418
2 0.572133
4 1.319068
5 0.583587
9 0.677276
0 0.685491
3 0.621557
4 0.776811
6 0.835722
5 1.300014
1 0.583376
2 1.420739
