3 0.934154
2 0.545180
5 0.678848
7 0.527156
1 0.679360
4 0.407726
8 0.495870
2 0.458794
6 0.453652
9 0.968530
7 0.536944
1 1.003835
3 0.532295
5 0.631196
1 0.596910
3 0.485164
2 0.757243
9 0.725684
7 0.733910
1 0.521013
8 0.601245
3 0.681524
4 1.121665
6 0.874185
1 0.647969
3 0.512297
8 0.437849
1 0.558078
4 0.654265
9 0.609283
2 0.524176
6 0.876449
8 0.724868
2 0.781052
1 0.512161
6 0.469742
9 0.715226
4 0.520900
3 0.665167
6 0.590797
8 0.692397
2 0.607465
6 0.439696
2 0.559893
6 0.400194
7 0.536334
1 0.507336
3 1.392651
4 0.622742
9 0.468312
4 0.705824
1 0.567595
6 0.767818
9 0.624160
3 0.349772
6 0.811317
3 0.774243
0 0.521282
5 0.401628
0 0.521700
4 0.530021
8 0.508871
2 0.746474
4 0.600089
7 0.440511
1 0.640603
3 0.664933
4 0.558623
8 0.414873
1 0.657663
3 0.716591
6 0.733019
1 0.735392
6 0.466985
3 0.872496
8 0.470198
4 0.483808
9 0.348015
5 0.553760
0 0.983106
2 0.628716
3 0.546499
7 0.664058
8 0.837735
4 0.406121
0 0.542369
2 0.449307
5 0.652138
0 0.495161
4 0.505981
7 0.535598
1 0.570521
6 0.389489
2 0.690991
3 0.813893
8 0.417005
9 0.627853
5 0.417442
1 0.516323
2 0.572569
