8 0.944937
6 0.974735
1 1.121760
4 1.194184
3 0.832031
5 0.805685
9 0.830046
2 0.675435
7 0.939938
1 0.983065
0 1.652642
3 1.047996
6 0.720606
7 0.968930
4 0.665281
5 1.238875
2 0.766919
1 0.967715
9 0.840105
3 0.824348
0 0.790118
8 0.843743
7 0.844219
1 0.868364
3 0.666243
4 0.783848
5 0.933496
9 0.488516
1 0.768840
2 0.777107
6 0.588178
9 0.625811
7 1.111293
0 0.765103
4 0.749491
1 0.643196
6 0.547315
3 0.681019
8 0.473409
9 0.726947
5 0.671198
3 0.700815
1 0.703788
2 1.197412
7 0.446045
3 0.774083
0 0.905102
5 0.798863
8 0.679187
6 0.735548
2 0.866486
4 0.848051
9 0.840541
3 0.816856
1 0.907667
5 1.145510
4 0.951369
6 1.340929
8 1.320152
7 0.992692
0 0.790635
5 0.788226
9 0.721854
8 1.098138
3 0.357413
9 1.165537
4 0.630047
1 0.835494
9 0.953223
0 0.846884
2 1.079323
8 0.759876
3 0.728042
0 1.040359
5 0.696942
8 0.891643
4 1.486807
1 0.839415
8 0.703851
9 1.077355
8 0.965783
0 0.910170
3 0.540017
1 0.974830
5 0.634069
5 0.759644
9 0.431989
4 0.581453
2 1.216326
5 0.643439
7 0.963662
2 0.740306
4 1.143153
1 0.797071
6 1.261233
0 0.880464
5 0.480947
8 0.801144
6 0.889477
7 0.828585
