2 0.922414
5 0.722828
8 0.499164
1 0.733893
5 0.800875
8 0.497371
3 0.508214
1 0.697781
9 0.492818
6 0.543732
4 0.493331
0 0.608104
8 0.520508
3 0.568699
7 0.848890
2 0.401457
0 0.625526
5 0.471246
4 1.100630
7 0.735791
3 0.570689
8 0.605683
2 0.574051
4 0.753015
7 0.494547
0 0.713570
4 0.591210
6 0.636860
1 0.492998
8 0.463843
3 0.373601
7 0.552478
1 0.574039
8 0.736914
5 0.491946
0 0.622860
4 0.508556
3 0.906007
7 0.455828
2 0.570560
7 0.349630
0 0.483143
4 0.563364
5 0.795557
3 0.897140
7 0.516365
2 0.532532
7 0.399500
2 0.551693
8 0.453272
1 0.447988
4 0.672378
9 0.398354
3 0.774246
7 0.705310
1 0.430983
7 0.588434
4 0.370006
8 0.461022
2 0.559884
7 0.432054
0 0.437702
4 0.437789
8 0.390111
2 1.579286
7 0.367011
1 0.655105
5 0.426138
0 0.463527
3 0.709130
7 0.458932
0 0.533684
4 0.504608
7 0.670173
1 0.451671
5 0.470793
8 0.580263
3 0.559057
7 0.479531
2 0.575696
7 0.346702
0 0.448187
4 0.624442
8 0.414130
3 0.329003
7 0.577129
2 0.363915
6 0.788141
2 0.489858
7 0.332736
0 0.455759
4 0.426625
8 0.472009
3 0.277740
7 0.461813
1 0.504709
7 0.534408
9 0.801245
5 0.617616
1 0.612449
