1 1.263824
2 0.669795
8 0.667456
5 0.544995
3 0.590570
9 0.588099
0 1.001754
5 0.602164
4 0.666584
7 0.520108
1 0.440372
6 0.440550
5 0.568869
2 0.553086
9 0.534545
8 0.545718
3 0.471211
5 0.612674
6 0.639673
7 0.535933
0 0.474959
1 0.616420
4 0.571482
5 0.822389
6 0.636147
7 0.564444
1 0.756582
9 0.676837
8 0.829159
5 0.514863
3 0.568555
4 0.528717
0 0.425097
7 0.574498
6 0.545496
1 0.391204
9 0.708674
5 0.570675
4 0.549304
0 0.586845
1 0.512438
5 0.461950
6 0.520897
7 0.601099
8 0.561375
0 0.993646
1 0.639324
2 0.607679
3 0.647852
4 0.616211
9 0.467215
0 0.664785
1 0.558388
6 0.502674
5 0.636169
7 0.548509
9 0.466243
4 0.335729
1 0.458445
2 0.453488
7 0.584458
8 0.749899
0 0.427518
4 0.585156
5 0.558755
1 0.407036
8 0.535247
6 0.538164
3 0.452950
0 0.567994
1 0.552284
9 0.485801
5 0.390150
2 0.723421
8 0.563934
6 0.564144
1 0.676479
9 0.628710
4 0.354434
0 0.391944
3 0.597345
4 0.565737
7 0.693998
9 0.832867
0 0.590718
1 0.492204
6 0.471146
5 0.532744
4 0.519599
7 0.431853
2 0.453468
1 0.616431
9 0.571203
3 1.006246
8 0.414634
6 0.593541
5 0.647114
2 0.663433
0 0.469023
1 0.506643
