2 0.882852
5 0.691196
4 0.662268
6 0.617275
9 0.660372
1 1.158859
3 0.887555
4 0.567953
5 0.504211
6 0.573818
9 0.816820
0 0.619575
3 0.414850
4 0.673547
5 0.583161
8 0.556807
9 0.493214
1 0.599824
2 0.936214
3 0.651243
4 0.574313
5 0.505158
6 0.702794
7 0.572467
9 0.519331
0 0.479702
3 0.735868
4 0.762767
5 0.507138
8 1.056647
9 0.571784
3 0.502794
4 0.540318
5 0.623299
6 0.732894
1 0.815919
0 0.650893
3 0.573883
4 1.480646
5 0.553364
6 0.639007
8 0.623303
9 0.636835
3 0.661141
2 0.759964
1 0.680494
0 0.656792
9 0.691623
7 0.766622
4 0.662969
5 0.508677
6 0.714157
9 0.631834
1 0.629503
3 0.539075
4 0.518032
5 0.550322
8 1.227635
9 0.505649
3 0.671233
4 0.564947
5 0.565132
6 1.157287
1 0.837839
0 0.542385
9 0.617197
3 0.460174
4 0.599060
5 0.519371
6 0.607554
8 0.727777
2 0.560063
3 0.760265
4 0.544798
5 0.470277
6 0.763684
7 0.636253
1 0.588512
0 0.545983
9 0.567636
4 0.519894
5 0.600167
6 0.792513
2 0.998045
4 0.630490
5 0.540193
8 0.567155
1 0.846449
3 0.879711
4 0.600005
5 0.680291
6 0.928599
9 0.680962
3 0.865332
4 0.575034
5 0.617996
6 0.668882
8 0.658458
2 0.549503
1 0.547065
