8 1.563593
2 1.676229
5 1.116942
0 1.245352
7 0.821868
4 1.152845
9 1.094635
4 0.777872
7 0.724772
3 0.741186
9 1.168136
4 0.816707
9 0.659653
5 0.646657
1 1.166800
5 2.302929
2 1.341398
8 1.200620
3 1.225137
7 0.942956
1 0.772625
5 1.063662
9 0.965409
4 0.925851
8 0.598245
1 0.982408
5 0.964152
4 1.276559
8 0.773084
2 0.656045
7 0.683102
2 1.867192
7 0.841362
9 0.977712
3 1.204780
4 2.692991
8 0.656937
2 0.763736
9 0.644257
5 0.524507
1 0.564764
9 1.069002
4 0.930713
7 0.957866
3 0.694150
9 1.969064
6 0.956663
4 0.860959
1 0.751920
5 1.149666
2 2.507192
8 0.489785
5 1.380555
4 1.463599
8 0.725727
2 0.797994
6 0.878366
3 0.910717
5 0.676398
9 1.076710
5 1.053200
1 0.688373
6 0.856524
1 2.491314
4 1.055102
8 1.090183
2 1.109288
5 0.691065
1 0.750116
8 1.203708
4 1.164201
9 0.748764
5 0.842412
1 1.130709
6 1.053750
3 2.456653
9 1.028411
4 1.618106
7 1.077508
1 0.837910
4 0.894276
9 0.593404
5 0.670931
1 2.588240
4 1.162795
6 2.018982
2 2.446236
8 1.455450
9 0.986816
3 0.720523
4 0.976800
7 1.555808
3 1.628300
4 0.658561
8 2.221142
5 0.664563
1 0.790606
3 1.980001
8 1.814832
4 0.786926
