1 0.956091
7 1.084417
4 0.612955
6 0.823922
9 0.645591
8 0.709960
3 0.731509
0 0.822522
2 0.692256
7 0.831233
9 0.684972
4 0.709211
3 0.786772
8 0.704546
5 0.806124
7 0.790522
0 0.716187
3 0.956333
6 1.644601
4 0.701227
2 0.816389
1 0.843561
9 1.227503
7 0.753494
8 0.863227
3 0.700993
6 0.808024
3 0.776292
1 0.715202
9 0.856981
5 0.683971
4 1.140226
9 0.671424
8 0.693048
7 0.695903
2 0.722871
3 0.634990
6 0.680910
0 0.617147
9 0.748128
2 0.617910
0 0.628754
5 0.673789
4 0.944019
7 0.781740
6 0.656679
2 0.627782
1 1.097353
3 0.836424
5 0.596767
8 0.549105
9 0.786670
7 0.720250
0 0.608652
1 0.704950
2 0.566573
6 0.870652
4 0.804493
8 0.604959
3 0.588994
7 0.730693
2 0.477816
9 0.637926
5 0.510256
6 0.867813
1 0.673503
0 0.751186
7 0.700791
4 0.575831
1 0.698615
6 1.117606
9 0.606180
3 0.526443
7 0.678650
8 0.638932
2 0.591359
4 0.876856
9 1.565131
0 0.653809
4 0.528721
6 0.809067
5 1.220032
1 0.871072
2 1.828655
3 0.762842
5 0.643133
9 0.571578
1 0.526392
0 0.550714
7 0.572294
9 0.839218
6 1.119503
8 0.695932
2 0.554921
1 0.568536
4 0.552870
3 0.670325
5 0.572160
6 0.711021
9 0.564746
