1 0.772984
5 0.760136
7 0.632422
9 0.533957
0 0.520910
4 0.481228
2 0.697339
3 0.700364
7 0.455305
8 0.570291
6 0.620970
1 0.487954
2 0.656456
4 0.651434
5 0.662386
6 0.617343
9 0.452308
8 0.687042
3 0.791282
1 0.573119
2 0.672084
7 0.613667
4 0.824612
0 0.558327
5 0.694513
6 0.545560
7 1.079000
8 0.911509
3 0.485177
9 0.693508
0 0.576409
1 0.571261
2 0.558413
4 0.702618
5 0.796225
7 0.636602
6 0.732884
2 0.735857
3 0.754877
0 0.544498
9 0.662110
1 0.608994
7 0.505333
2 0.766889
4 0.631211
3 0.724925
8 0.493158
6 0.703946
5 0.597645
1 0.461966
3 0.752880
4 0.614565
2 0.969497
0 0.508586
6 0.554095
5 0.719518
7 0.592033
8 0.517667
2 0.885775
3 0.510192
4 0.587852
5 0.521449
0 0.513740
9 0.639297
8 0.495616
2 0.466566
6 0.415964
1 0.858873
5 0.382075
3 0.504747
9 0.678460
7 0.846647
2 0.647017
0 1.143102
5 0.829165
2 1.026818
8 1.216445
6 0.843551
1 0.924044
3 0.828402
8 1.098056
4 0.861276
0 0.992205
3 0.782041
7 0.744925
1 0.798609
6 0.631085
5 0.756608
3 0.876907
9 0.717398
7 0.669681
1 0.579195
6 0.630192
4 0.763720
9 0.740164
2 0.863153
3 0.948753
6 0.530511
5 0.765351
8 0.957815
