2 0.532981
3 0.551856
4 0.589432
5 0.675074
8 0.624669
2 0.454274
9 0.721278
0 0.433570
3 0.527057
7 0.519340
8 0.655609
2 0.314605
3 1.615716
5 0.643270
7 0.811424
8 0.494633
0 0.513492
2 0.559137
3 0.511310
7 0.596954
2 0.717201
5 0.685495
6 0.613892
7 0.688810
8 0.617067
1 0.380076
2 0.486995
9 0.583117
0 0.596793
3 0.453043
4 0.623833
7 0.501556
8 0.488413
2 0.352764
7 0.494252
2 0.481184
3 0.425381
6 0.606958
1 0.599206
0 0.623416
9 0.477086
3 0.597297
4 0.645625
5 1.061776
6 0.576976
2 0.843790
8 1.028152
7 0.634043
3 0.599572
6 0.879851
3 0.728215
2 0.776594
1 0.787560
0 0.681221
9 0.601528
8 0.489893
4 0.452851
6 0.495613
2 0.458550
9 0.509446
1 0.514967
3 0.608594
7 0.480882
2 0.737050
1 0.492155
0 0.495078
9 0.521918
8 0.546210
4 0.983766
6 0.629489
2 0.523148
1 0.491267
0 0.430279
8 0.483749
4 0.428135
5 0.665638
3 0.591244
8 0.660907
6 0.759835
4 0.520023
1 0.480392
2 0.648606
8 0.648933
3 0.713144
4 0.590951
6 0.516561
7 0.724699
1 0.397031
0 0.485325
4 0.517426
7 0.813722
8 0.536801
9 0.531739
2 0.358585
3 0.406841
4 0.655023
5 0.873904
6 0.487657
1 0.895824
2 0.642985
