1 1.092374
8 0.850194
4 0.775714
2 0.856161
3 0.947282
6 0.640930
5 1.225270
4 0.974901
9 1.042081
0 0.682558
8 0.690827
7 0.693872
6 0.760836
1 0.633170
3 0.622681
4 0.556357
0 1.692404
8 0.655910
9 0.666851
2 0.744529
3 0.654264
5 0.921154
6 0.673428
8 0.574878
2 0.641879
0 0.706153
7 0.783859
8 0.749463
1 0.715326
3 0.992893
5 0.646769
8 0.527120
7 0.727367
0 0.543667
2 0.533154
1 0.656068
9 0.515083
8 0.728723
3 0.449002
4 0.473359
6 0.630827
7 0.572429
8 0.999309
3 0.783667
1 0.645483
9 0.597713
7 0.661962
4 0.552982
2 0.646601
1 0.654801
9 0.513826
7 0.895193
5 0.906426
4 0.552008
3 0.621699
9 1.040553
1 0.561152
8 0.673321
7 0.726878
4 0.599279
1 0.575547
2 0.690486
3 0.725326
6 0.853407
7 0.664789
8 0.614424
9 0.577352
0 0.676393
1 0.508704
2 0.522169
3 0.618460
5 0.685420
7 0.581605
9 0.512651
1 0.662206
3 0.577157
4 0.772079
6 0.743076
8 0.564737
9 0.565001
1 0.621291
2 0.496170
3 1.067013
4 0.864834
9 1.238457
0 0.687036
1 0.735425
2 0.570272
4 0.941317
5 0.544400
6 0.494057
7 0.648877
9 0.817090
8 0.620215
6 0.655155
4 0.746028
2 0.583806
0 0.565395
1 0.613600
3 0.520609
