3 0.835051
4 0.736861
6 0.755717
7 0.764221
5 0.652510
1 0.639399
2 0.767714
9 0.600043
8 0.648462
7 0.608665
6 0.656992
2 0.459876
3 0.526756
4 0.623008
0 0.668616
1 0.690250
8 0.733280
7 0.656256
6 0.491218
5 0.694077
3 0.649061
2 0.612072
1 0.734977
9 0.714009
8 0.719608
7 0.543913
6 0.749470
5 0.651197
2 0.574134
1 0.721243
3 0.809353
4 0.556366
5 0.524694
6 1.220761
7 0.592050
8 0.981619
7 0.592725
6 0.782313
3 0.465406
2 0.726828
1 1.247095
0 0.647696
9 0.663981
8 0.709569
3 0.691334
4 0.574184
1 0.561098
5 0.617408
7 0.676467
9 0.556741
0 0.652946
3 0.503969
4 0.565523
2 0.557852
1 0.661974
5 0.592938
6 0.726566
7 0.734983
8 0.577922
3 0.492842
2 0.463719
4 0.533386
5 0.608185
0 0.520479
6 0.720736
1 0.449122
9 0.633147
8 0.534962
7 0.617884
2 0.684786
3 0.661104
4 0.576027
5 0.482954
7 0.707205
8 0.512873
9 0.630376
0 0.540065
1 0.639222
2 0.655312
3 0.546202
4 0.711837
5 0.509572
6 0.570951
7 0.686065
8 0.566294
0 0.870467
3 0.516220
4 0.644438
2 0.740725
1 0.631817
5 0.885312
6 0.901624
7 0.560802
8 0.832969
3 0.774717
2 0.497836
4 0.492724
5 0.503516
0 0.517278
1 0.477429
