2 0.682174
6 0.826369
8 0.552038
0 0.509755
1 0.555324
2 0.592883
3 0.678503
4 0.678878
5 0.535079
6 0.530111
7 0.508939
8 0.498714
9 0.621495
1 0.488364
2 0.504726
3 0.678102
5 0.678574
6 0.494861
8 0.609820
9 0.524672
0 0.599738
2 0.735790
3 0.602886
5 0.611073
6 0.590105
8 0.523544
0 0.459894
1 0.558795
2 1.926908
3 0.551860
4 0.741489
5 0.840455
6 0.672723
7 0.558311
8 0.606764
9 0.775014
1 0.634533
2 0.540899
3 0.551794
4 0.733169
6 0.512483
5 0.750306
2 0.763027
0 0.787621
1 0.636220
9 0.604695
0 0.743558
1 0.799892
0 0.672389
9 0.741874
8 0.600992
7 0.577272
6 0.740182
5 0.551298
4 0.452904
3 0.647674
2 0.735960
9 0.594948
8 0.560602
7 0.568977
6 0.497159
5 0.556079
4 0.580264
3 0.999091
1 0.615624
9 0.466648
8 0.512043
7 0.501804
6 0.600679
4 0.496959
2 0.611787
1 0.734864
0 0.465804
8 0.599350
7 0.711541
4 0.829227
2 0.570989
1 0.517882
0 0.518227
9 0.582388
8 0.777257
2 0.428339
3 0.705836
4 0.951520
5 0.805245
6 0.589454
7 0.875159
8 0.536889
1 0.651721
2 0.534700
3 0.553703
5 0.950599
6 0.549095
7 0.978524
8 0.573690
9 0.592593
2 0.382106
3 0.553054
4 0.502679
5 0.508293
