5 1.092414
2 0.895754
4 1.258713
8 1.005865
0 1.134275
9 0.897376
3 0.812550
1 0.855449
6 0.881936
5 0.914719
4 0.688596
8 0.688868
0 0.801128
1 0.769485
2 0.804449
4 0.892816
6 0.864104
7 0.893521
9 0.864642
0 0.894346
1 0.617369
2 0.828267
3 0.794054
4 1.255585
5 0.842751
6 0.763192
7 0.947145
8 0.977227
9 0.788234
0 0.849955
1 0.668971
2 0.698552
3 0.781645
4 1.680452
5 0.793230
7 0.766869
9 0.831229
2 0.628874
5 0.826543
8 0.776301
1 0.867206
5 0.865010
3 0.806627
4 0.878919
6 0.751358
9 0.853079
1 0.687851
3 0.704337
4 0.965925
6 0.678399
8 0.910579
9 0.764256
0 0.732695
2 0.879729
6 0.991880
7 0.973759
1 0.768795
3 0.641240
4 0.745410
5 0.847072
7 0.943524
8 0.717212
9 0.749469
0 0.690976
1 0.622188
2 0.769144
3 0.644133
4 0.796431
5 0.804771
6 0.805048
7 0.781402
8 0.728411
9 0.760746
0 0.616562
1 0.715996
2 0.580407
3 0.775159
4 0.818227
5 1.309259
6 1.003136
7 0.851335
8 0.742475
9 0.868186
0 0.553914
1 0.631399
2 0.661100
4 0.672012
6 0.757787
8 0.662132
1 0.761069
6 0.873381
2 0.814950
4 0.738037
7 0.964972
8 0.797316
9 0.805827
0 0.638184
1 0.910333
2 0.740092
3 0.631025
