3 0.869181
6 0.738783
8 0.613883
9 0.584747
1 0.582486
5 0.425402
7 0.542916
2 0.476484
6 0.716604
9 0.613010
3 0.535960
7 0.482874
1 0.619148
4 0.566142
7 0.678379
2 0.470639
8 0.476245
5 0.804450
9 0.452803
2 0.535679
6 0.658548
1 0.797823
7 0.853860
4 0.585008
0 0.702541
6 0.516213
1 0.364420
2 0.612663
3 0.647547
8 0.551929
9 0.669508
4 0.803048
7 0.387500
1 0.449044
5 0.753069
0 0.510906
3 0.580293
6 0.503397
9 0.572907
1 0.455877
4 0.522801
7 0.523053
2 0.547240
8 0.464853
3 0.438507
9 0.510657
5 0.596184
6 0.756547
1 0.412912
4 0.535631
9 0.970701
7 0.701662
1 0.664720
4 0.638297
6 0.678586
9 0.862886
1 0.444631
3 0.540857
6 0.599743
8 0.719929
1 0.688277
4 0.624630
5 0.566289
2 0.694379
9 0.665383
7 0.639086
6 0.655376
1 0.466420
4 0.799823
2 0.776271
8 0.539303
7 0.606266
3 0.606595
6 0.526827
9 0.431066
1 0.660649
4 0.503492
7 0.501073
0 0.599877
1 0.704336
2 0.621873
6 0.424869
8 0.654403
9 0.665321
5 0.742958
3 0.596753
2 0.652884
7 0.559967
0 0.576133
6 0.603086
9 0.579410
4 0.598307
8 0.526640
2 0.574806
5 0.737730
6 0.764688
1 0.453107
7 0.688011
3 0.928188
4 0.816648
