-1 5.000035
3 3.852919
5 2.097253
0 2.748550
9 1.579045
7 1.470397
3 1.540269
2 1.983506
6 2.541434
4 1.521184
0 1.169890
1 1.428884
9 1.746734
3 3.912303
7 2.135362
5 1.170921
0 1.214132
1 2.616972
8 1.444761
3 1.589391
7 1.427289
6 1.337225
3 1.364368
9 1.013003
0 1.296031
3 2.179015
5 1.694564
7 1.177874
9 1.157122
0 1.733445
2 1.296905
6 3.531667
3 1.223894
0 1.261672
3 2.264636
8 1.231024
5 1.204823
3 1.317390
4 2.069712
7 1.339986
9 1.247140
0 1.487507
3 1.768055
7 1.264799
8 1.870579
2 1.124674
3 0.933216
0 1.160186
1 1.896477
4 1.843917
8 1.212553
9 2.711616
7 1.422130
3 1.107720
2 0.921916
8 1.706145
4 1.056219
0 1.227207
1 1.129072
9 1.244224
5 1.132685
3 1.263676
7 1.053687
8 1.240792
2 1.049233
0 2.340087
9 1.335746
3 0.779135
4 2.109876
5 1.604070
8 1.140591
2 1.031775
3 1.261506
1 2.112626
9 1.102899
0 1.164672
5 1.325126
4 1.245661
3 1.358066
6 1.166626
7 1.294885
8 0.994296
2 0.831912
0 1.037729
5 1.422148
2 1.267903
3 2.729493
7 1.181355
8 0.984590
1 1.126378
0 1.190834
5 1.324534
7 2.052913
3 1.320419
0 0.881036
1 1.241315
5 1.273898
7 1.199758
3 1.712096
8 1.174103
