1 1.129122
8 0.804234
5 0.980634
4 0.775698
6 1.322597
9 0.667289
2 0.688895
5 0.577241
8 0.732162
6 0.855131
3 0.706110
1 0.799826
0 0.768006
8 0.664308
3 0.502164
1 0.801018
6 0.665327
4 0.582959
6 0.764621
4 0.588876
4 1.474367
2 0.728460
9 0.864737
7 0.758276
4 0.662768
6 0.612329
5 1.055228
0 0.602379
2 0.674686
0 0.792299
9 0.645952
8 0.654302
1 0.689246
4 0.812169
2 0.663218
3 0.692783
8 0.687855
0 0.840041
5 0.640468
6 0.712716
7 0.654390
4 0.649357
2 0.660345
5 0.783379
0 0.764929
1 0.957240
8 0.685711
1 0.766012
4 0.534298
7 0.681270
3 0.809486
6 0.740544
0 0.631658
1 0.773212
0 0.984084
8 0.805864
4 0.702245
2 0.745129
0 0.750840
7 0.548543
5 0.858182
3 0.917137
0 0.749526
8 0.683204
2 0.627310
5 0.641109
0 0.641426
9 0.633634
3 0.575386
5 0.650211
6 0.765194
4 0.549495
3 0.739045
8 0.606477
2 0.462412
7 0.433322
1 0.526881
0 0.855098
5 0.674113
9 1.591551
8 0.925575
3 0.470011
6 0.539670
1 0.974595
8 0.697552
0 0.684578
4 0.476950
6 0.549278
2 0.634755
8 0.720363
1 0.480601
4 0.696916
0 0.507801
5 0.433488
0 0.463052
8 0.772510
3 0.583533
0 0.749174
7 0.682709
3 0.843105
