2 0.833342
4 0.526993
6 0.591325
7 0.572929
9 0.504517
0 0.509402
8 0.586926
4 0.656673
3 0.467601
2 0.545135
1 0.574813
0 0.721707
4 0.666046
5 0.567097
6 0.599840
7 0.456132
8 0.515276
9 0.723272
8 0.627528
0 0.961107
9 0.553618
1 1.071160
0 0.556993
2 0.549238
3 0.546854
4 0.632395
5 0.630044
6 0.603589
7 0.531835
8 0.566829
9 0.543110
8 0.620757
7 0.951552
2 0.573454
1 0.592375
4 0.549901
3 0.531615
5 0.486469
6 0.566665
0 0.414957
9 0.449846
3 0.588724
7 0.570364
2 0.581175
3 0.616259
8 0.635102
6 0.504486
1 0.630701
0 0.468042
4 0.553577
3 0.903289
8 0.620844
9 0.631716
4 0.685305
5 0.493823
1 0.440684
0 0.552854
9 0.558503
7 0.414241
2 0.561628
3 0.849762
4 0.940801
6 0.639983
0 0.752211
9 0.525920
8 0.566120
7 0.582346
1 0.561361
3 0.537596
4 0.596491
5 0.564839
0 0.653059
9 0.888027
2 0.690996
1 0.598008
0 0.750205
7 0.507515
5 0.521560
4 0.537887
3 0.572675
2 0.703699
1 0.637278
0 0.685525
9 0.581931
6 0.648823
5 0.672978
4 0.510811
2 0.588309
7 0.569977
8 1.020748
9 0.919867
4 0.632287
3 0.605938
2 0.534176
1 0.673121
0 0.702808
6 0.612312
5 0.631367
7 0.676992
8 0.549379
