3 0.778766
8 1.029820
4 0.630341
0 0.971886
5 0.655004
2 1.017974
7 0.581146
4 0.840034
9 0.648390
6 0.784630
1 0.734324
3 0.841253
6 0.745693
8 0.767372
5 0.823547
1 0.645356
9 0.765626
3 0.717895
7 0.774273
4 0.753258
8 0.838973
2 0.687318
6 0.751604
7 0.933163
1 0.824177
1 0.837805
5 0.846158
9 0.694708
3 0.825640
7 0.727332
8 0.775707
4 0.522710
6 0.746806
2 0.808487
9 0.800828
3 0.785208
7 0.942880
8 0.708640
4 0.890276
6 0.877305
2 0.829610
2 0.779384
4 0.862277
6 0.737394
9 0.836426
8 1.364559
5 0.861292
2 0.736262
0 1.075261
7 1.160913
4 0.881471
6 0.745862
0 0.559565
1 0.967773
3 0.736204
4 0.843128
8 0.803496
1 0.891830
7 0.726356
2 0.887184
7 0.671417
0 0.749093
6 1.082785
5 0.851274
8 0.990285
4 0.596071
9 1.060327
4 0.647397
8 1.143674
3 0.781456
6 0.608497
1 0.528683
7 0.856895
2 0.564131
4 1.396234
8 0.765023
5 0.813237
0 0.728252
7 0.952503
2 0.734284
3 0.865217
6 1.094403
1 0.858041
8 0.837032
2 0.765438
5 0.917696
9 0.542146
3 0.777051
6 0.724026
1 0.836330
4 0.908769
8 0.578486
2 1.013251
7 0.656467
3 0.619376
9 0.726402
3 1.070693
9 0.588444
0 0.754045
1 0.735751
