2 0.805330
3 0.581697
4 0.536694
0 0.443409
1 0.507702
9 0.769257
5 0.724384
1 0.404768
2 0.500905
3 1.343706
4 0.525664
5 0.717881
6 0.798212
8 0.622560
1 0.508120
2 0.569733
3 0.412671
6 0.575523
0 0.554451
1 0.551998
3 1.173547
5 0.608789
8 0.577033
1 0.483875
2 0.548213
3 0.713832
7 0.487439
0 0.567618
2 1.007809
3 0.632419
5 0.638010
1 0.686309
7 0.550559
0 0.772149
9 0.591193
2 0.460745
3 0.487774
6 0.663937
8 0.653311
6 0.648443
2 0.896829
9 0.458944
7 0.614790
1 0.793706
2 0.727374
3 0.615717
4 0.602575
6 0.826799
0 0.536554
1 0.867413
2 0.417222
8 0.787613
0 0.481760
1 0.889993
3 0.452985
6 1.231852
7 0.709692
9 0.651313
2 0.534341
1 0.617149
8 0.500280
4 0.671084
0 0.612763
1 0.752042
2 0.565425
8 0.573582
0 0.576593
1 0.595450
9 0.721083
6 0.601415
2 0.369773
5 0.628564
0 0.426124
3 1.407593
8 0.632333
0 0.581937
7 0.552765
9 0.718356
1 0.678765
2 0.543051
3 0.564634
4 0.572923
6 0.863744
0 0.429490
7 0.803021
1 0.363322
9 0.659462
8 0.598560
2 0.494836
3 0.473778
4 0.566911
0 0.559542
7 0.471901
1 0.341452
2 1.471991
3 0.630269
5 0.603881
0 0.396151
8 0.660272
1 0.487129
