0 0.755127
9 0.800986
8 0.545402
7 1.006894
6 0.559289
5 0.503552
2 0.637130
1 0.597475
0 0.557749
9 0.486038
4 0.518256
1 0.470440
2 0.948085
4 0.745765
7 0.623419
9 0.541014
0 0.455936
1 1.146790
2 0.712645
5 0.462371
6 0.561252
7 0.561390
8 0.977593
9 0.540766
0 0.519793
1 0.599897
2 1.024182
3 0.485975
5 0.422179
6 0.457209
7 0.460029
8 0.566858
9 0.663108
0 0.508785
1 0.410265
2 0.469234
3 0.674744
4 0.536459
5 0.515366
6 0.848972
7 0.601320
8 0.801600
9 0.641940
0 0.482235
1 0.546343
2 0.471969
3 0.597625
4 0.661874
5 0.952765
6 0.462583
7 0.564150
8 0.596343
9 1.116561
0 0.477120
1 0.541377
2 0.648220
6 0.336602
7 0.995448
8 0.553143
9 0.566801
0 1.014987
1 0.570066
4 0.413027
5 0.503997
6 0.581452
7 0.416477
8 1.051177
9 0.566433
0 0.390651
1 0.420285
2 0.455078
3 0.657904
4 1.020958
6 0.519829
7 0.592274
8 0.525868
9 0.574190
0 0.489046
1 0.489342
2 0.508292
5 0.753767
6 0.575489
5 0.650345
7 0.525291
8 0.501587
9 0.688570
0 0.504756
1 0.622329
2 0.665218
4 1.174823
5 0.546163
6 1.311549
7 0.549475
9 0.571039
0 0.501992
1 0.544935
2 0.390527
4 0.971939
5 0.455180
6 0.474132
