2 0.796208
1 0.692743
5 0.695593
3 0.802498
7 0.515087
9 0.864462
3 0.886156
6 0.670611
0 0.836270
5 0.900563
4 0.703616
2 1.077235
2 0.973658
4 1.656585
8 0.588074
2 0.937649
9 0.980665
0 1.063721
8 0.869532
0 0.923045
3 0.819637
4 0.854675
7 0.857744
2 0.836608
5 0.565064
4 1.005317
1 0.877716
4 1.398040
3 0.934626
0 1.505467
3 0.903575
9 0.629348
0 1.114780
8 0.704687
0 1.134233
2 1.105320
7 1.623163
8 0.965207
4 0.701569
0 0.624624
3 0.614193
9 0.801085
5 0.529622
6 0.572323
4 0.703296
3 0.572834
1 0.567932
6 0.688155
8 0.680394
7 0.744655
4 0.534447
5 0.833311
2 0.782916
0 0.620776
9 0.671616
8 0.645578
3 0.533606
5 0.600407
1 0.632838
2 0.598449
4 0.926586
0 0.958964
2 0.871277
4 0.733141
5 0.903952
7 0.637896
8 0.782114
6 0.849116
3 0.556181
1 0.676406
0 0.684621
2 0.980943
4 0.647948
7 0.704420
9 0.582013
8 0.784987
4 0.974484
5 0.857693
6 0.836754
2 0.692990
7 0.991898
8 1.005659
9 0.966073
0 0.902449
4 1.700077
5 0.791544
3 0.765199
1 0.733655
0 0.976508
3 1.155437
6 0.497405
5 0.956334
1 0.836650
3 0.717111
8 0.693405
7 0.680360
4 0.512678
6 0.558218
3 0.798536
5 0.638846
